10941	0.03695223317801432	0.9148407154078974	0.04820705141408833
10942	0.9314802949207718	0.011886754286106182	0.05663295079312203
10943	0.681757852761752	0.04234542762428659	0.27589671961396145
10944	0.03671079636395757	0.9085682805449595	0.054720923091082986
10945	0.6805368789843542	0.07559622055728482	0.24386690045836099
10946	0.6805368789843542	0.07559622055728482	0.24386690045836099
10947	0.03671079636395757	0.9085682805449595	0.054720923091082986
10948	0.09701078738944144	0.37226819836838054	0.5307210142421779
10949	0.0867199102990063	0.8047816649093673	0.10849842479162654
10950	0.17528480101857338	0.7190134975403232	0.10570170144110319
10951	0.03671079636395757	0.9085682805449595	0.054720923091082986
10952	0.04603728315495452	0.3667812613625644	0.5871814554824811
10953	0.6211255113840937	0.0784069897094055	0.30046749890650093
10954	0.09331746591545566	0.11987351578391109	0.7868090183006329
10955	0.14642317989505468	0.24712451349777656	0.6064523066071689
10956	0.36326741855432215	0.3444863662288863	0.29224621521679167
10957	0.03573176987853063	0.9122957356806287	0.05197249444084051
10958	0.04814730505082786	0.914592772395601	0.03725992255357108
10959	0.821682387206619	0.06040826481744592	0.11790934797593511
10960	0.03671079636395757	0.9085682805449595	0.054720923091082986
10961	0.03225766878695931	0.7397604920679711	0.22798183914506978
10962	0.03671079636395757	0.9085682805449595	0.054720923091082986
10963	0.03671079636395757	0.9085682805449595	0.054720923091082986
10964	0.03588443742314047	0.7911557362300446	0.1729598263468147
10965	0.038816330920730176	0.9139037880964047	0.0472798809828652
10966	0.03671079636395757	0.9085682805449595	0.054720923091082986
10967	0.03671079636395757	0.9085682805449595	0.054720923091082986
10968	0.038612774126298495	0.9101582437472664	0.051228982126435195
10969	0.2321000793307104	0.636969881595492	0.13093003907379758
10970	0.2321000793307104	0.636969881595492	0.13093003907379758
10971	0.5802891759577614	0.05611709047271052	0.36359373356952807
10972	0.6869361211947694	0.0669632495285123	0.24610062927671833
10973	0.03905355944964997	0.9106338104279377	0.05031263012241221
10974	0.03905355944964997	0.9106338104279377	0.05031263012241221
10975	0.5161583603058328	0.08094661273315237	0.40289502696101476
10976	0.02659726483534624	0.35003477855668197	0.6233679566079716
10977	0.8747816514360273	0.048713463689445256	0.07650488487452746
10978	0.02567025985883984	0.9170403664486673	0.057289373692492804
10979	0.04603728315495452	0.3667812613625644	0.5871814554824811
10980	0.0549801858600079	0.4979763318387362	0.4470434823012556
10981	0.06470097429574073	0.7543513964647162	0.1809476292395434
10982	0.034427413746302385	0.9220007934063232	0.04357179284737438
10983	0.034427413746302385	0.9220007934063232	0.04357179284737438
10984	0.047757970379878535	0.540798783884856	0.41144324573526525
10985	0.0395728942148542	0.8710098821756308	0.08941722360951496
10986	0.0395728942148542	0.8710098821756308	0.08941722360951496
10987	0.5934999702407294	0.06019935413068716	0.3463006756285834
10988	0.04106206006298678	0.9053231969697121	0.05361474296730104
10989	0.08172799905739263	0.3941668814078078	0.5241051195347995
10990	0.7644205704233273	0.014322008084398461	0.22125742149227431
10991	0.03671079636395757	0.9085682805449595	0.054720923091082986
10992	0.6053516061543588	0.07663843958255773	0.3180099542630835
10993	0.6053516061543588	0.07663843958255773	0.3180099542630835
10994	0.04347623712804874	0.907780564068157	0.04874319880379434
10995	0.3675342427065758	0.12202151484178535	0.5104442424516389
10996	0.5228718247909289	0.24294571105567772	0.2341824641533933
10997	0.5050838620437135	0.24056137415627524	0.2543547638000116
10998	0.6448966842844137	0.0807127869962092	0.27439052871937714
10999	0.6448966842844137	0.0807127869962092	0.27439052871937714
11000	0.22802458123656702	0.5998383928567544	0.17213702590667865
11001	0.03343513620605988	0.9245029383179333	0.04206192547600695
11002	0.03562352423492846	0.9118386924566758	0.05253778330839584
11003	0.03562352423492846	0.9118386924566758	0.05253778330839584
11004	0.04148098246549655	0.5778525418243777	0.3806664757101252
11005	0.04148098246549655	0.5778525418243777	0.3806664757101252
11006	0.8239833656397314	0.04656824418778625	0.12944839017248236
11007	0.03671079636395757	0.9085682805449595	0.054720923091082986
11008	0.03671079636395757	0.9085682805449595	0.054720923091082986
11009	0.026946295797695356	0.910392509826111	0.06266119437619347
11010	0.5028292730563357	0.08113542498925014	0.4160353019544142
11011	0.6212071971916894	0.07897627618617231	0.29981652662213826
11012	0.042157045988281655	0.8798496331429722	0.0779933208687463
11013	0.03671079636395757	0.9085682805449595	0.054720923091082986
11014	0.03771695339282349	0.9122127333420341	0.05007031326514238
11015	0.03671079636395757	0.9085682805449595	0.054720923091082986
11016	0.03671079636395757	0.9085682805449595	0.054720923091082986
11017	0.2777762117260129	0.23215596600310442	0.49006782227088247
11018	0.03484811959396853	0.8848960285036107	0.08025585190242082
11019	0.691072892006682	0.07447787455164852	0.2344492334416695
11020	0.04335948531067211	0.6261253942756666	0.3305151204136613
11021	0.03671079636395757	0.9085682805449595	0.054720923091082986
11022	0.03671079636395757	0.9085682805449595	0.054720923091082986
11023	0.6221250232473218	0.07894980023089034	0.2989251765217878
11024	0.766595951089612	0.017562284927649833	0.2158417639827384
11025	0.0702447852717172	0.8968391656036726	0.03291604912461035
11026	0.030790800137494623	0.09330282273182328	0.875906377130682
11027	0.0444140978249372	0.5781164663552731	0.37746943581978976
11028	0.03905355944964997	0.9106338104279377	0.05031263012241221
11029	0.05418543592144919	0.9029190177006511	0.04289554637789955
11030	0.05925698639014423	0.8920301353624761	0.04871287824737988
11031	0.7668884984843839	0.020519555423693242	0.21259194609192278
11032	0.05565651302932249	0.879237834945583	0.06510565202509422
11033	0.038452704940895435	0.8937436453928768	0.06780364966622772
11034	0.03671079636395757	0.9085682805449595	0.054720923091082986
11035	0.2918970994970362	0.3094341551771696	0.3986687453257941
11036	0.2918970994970362	0.3094341551771696	0.3986687453257941
11037	0.2918970994970362	0.3094341551771696	0.3986687453257941
11038	0.2918970994970362	0.3094341551771696	0.3986687453257941
11039	0.03956185692127584	0.8771100157710321	0.08332812730769211
11040	0.04577738913856669	0.878809250133548	0.07541336072788554
11041	0.043691631686684135	0.916149527642333	0.040158840670982625
11042	0.6917205573087142	0.06087294796234863	0.2474064947289373
11043	0.04584867296926324	0.9090191583907173	0.04513216864001967
11044	0.6011887844320241	0.027519902437441027	0.37129131313053493
11045	0.03671079636395757	0.9085682805449595	0.054720923091082986
11046	0.03671079636395757	0.9085682805449595	0.054720923091082986
11047	0.05418543592144919	0.9029190177006511	0.04289554637789955
11048	0.03444579648795535	0.9082780171779941	0.057276186334050766
11049	0.6212194623545085	0.07897592209777807	0.2998046155477135
11050	0.03671079636395757	0.9085682805449595	0.054720923091082986
11051	0.04068291903913239	0.9095406209960025	0.04977645996486503
11052	0.03303099065887234	0.912388241806626	0.05458076753450165
11053	0.04723724925690303	0.30066584882740577	0.6520969019156911
11054	0.03671079636395757	0.9085682805449595	0.054720923091082986
11055	0.1255933133665195	0.837765695509258	0.03664099112422235
11056	0.1255933133665195	0.837765695509258	0.03664099112422235
11057	0.04376810975292717	0.9227735929388338	0.03345829730823924
11058	0.03695223317801432	0.9148407154078974	0.04820705141408833
11059	0.03671079636395757	0.9085682805449595	0.054720923091082986
11060	0.03671079636395757	0.9085682805449595	0.054720923091082986
11061	0.03671079636395757	0.9085682805449595	0.054720923091082986
11062	0.024672484339173382	0.9051023855093288	0.0702251301514978
11063	0.03069594183810072	0.9090859891010143	0.060218069060885
11064	0.6596549483023504	0.031592760697051844	0.30875229100059776
11065	0.03444579648795535	0.9082780171779941	0.057276186334050766
11066	0.032097278496822555	0.9327642341292082	0.035138487373969275
11067	0.05424991121498629	0.403824335963075	0.5419257528219389
11068	0.034070300854360656	0.9114336560697024	0.05449604307593696
11069	0.047718520982815045	0.8829171013514807	0.06936437766570429
11070	0.12219872662300246	0.8443976248111535	0.03340364856584416
11071	0.05870478850264004	0.7749630708012787	0.1663321406960813
11072	0.06191296659643394	0.8813455549851265	0.05674147841843932
11073	0.5896542127193881	0.06245111503523027	0.34789467224538145
11074	0.03604765357990196	0.8920701307189369	0.07188221570116113
11075	0.04315073591870139	0.9059521425822045	0.0508971214990943
11076	0.04315073591870139	0.9059521425822045	0.0508971214990943
11077	0.640357623686507	0.07924421616426225	0.28039816014923086
11078	0.03526446111256052	0.8756609355840185	0.0890746033034213
11079	0.04594946038527768	0.8846671264822377	0.06938341313248463
11080	0.38518865213997056	0.3041412932239056	0.31067005463612385
11081	0.05658407135080268	0.4558365169305147	0.48757941171868263
11082	0.038667249116091554	0.7776427100718178	0.1836900408120904
11083	0.033466108200922426	0.9230160081752813	0.043517883623796376
11084	0.033466108200922426	0.9230160081752813	0.043517883623796376
11085	0.06544296841073707	0.36241064790217503	0.572146383687088
11086	0.6212984962956026	0.07897364061593361	0.29972786308846366
11087	0.04455465287437751	0.9044809191012517	0.05096442802437086
11088	0.04723724925690303	0.30066584882740577	0.6520969019156911
11089	0.03671079636395757	0.9085682805449595	0.054720923091082986
11090	0.03671079636395757	0.9085682805449595	0.054720923091082986
11091	0.25163623953091696	0.43615155991944843	0.3122122005496343
11092	0.6054873323227609	0.06585766461891852	0.3286550030583205
11093	0.1255933133665195	0.837765695509258	0.03664099112422235
11094	0.7476096332182115	0.027691259808636865	0.22469910697315154
11095	0.7949528071951528	0.04111676357249419	0.16393042923235296
11096	0.03671079636395757	0.9085682805449595	0.054720923091082986
11097	0.031143301479181863	0.7949685404919	0.17388815802891835
11098	0.034427413746302385	0.9220007934063232	0.04357179284737438
11099	0.2561392526694233	0.17194172311863315	0.5719190242119437
11100	0.2703226827035586	0.24485829643489646	0.48481902086154455
11101	0.05152004744859399	0.5443190202187236	0.40416093233268224
11102	0.5800879633844238	0.05762521124141443	0.36228682537416174
11103	0.7604174813421849	0.10842962423815419	0.1311528944196609
11104	0.7604174813421849	0.10842962423815419	0.1311528944196609
11105	0.6443778603664296	0.0711460416261989	0.2844760980073716
11106	0.03671079636395757	0.9085682805449595	0.054720923091082986
11107	0.03069594183810072	0.9090859891010143	0.060218069060885
11108	0.039083546634541784	0.9052508174088901	0.05566563595656836
11109	0.3405254572088564	0.3466857366123924	0.3127888061787513
11110	0.3405254572088564	0.3466857366123924	0.3127888061787513
11111	0.03671079636395757	0.9085682805449595	0.054720923091082986
11112	0.029359752699040363	0.9279945509749323	0.04264569632602728
11113	0.04107058699120413	0.9239864925373305	0.034942920471465265
11114	0.6345718227569533	0.0797052658358732	0.28572291140717354
11115	0.6216988628774388	0.08406425505545394	0.29423688206710713
11116	0.2210611647297009	0.4819805580355535	0.29695827723474544
11117	0.30526412345961507	0.4534868812183159	0.24124899532206925
11118	0.03566595935453121	0.6441403342242067	0.3201937064212619
11119	0.2347774843809416	0.2447733075317835	0.520449208087275
11120	0.03604765357990196	0.8920701307189369	0.07188221570116113
11121	0.03671079636395757	0.9085682805449595	0.054720923091082986
11122	0.26622429128940467	0.6889403601290557	0.044835348581539494
11123	0.022100836511784235	0.7085251061200943	0.26937405736812176
11124	0.04222692186964903	0.9278635104401151	0.029909567690235776
11125	0.7562602781301614	0.022239559521871056	0.2215001623479676
11126	0.03845270732118052	0.9018795152909687	0.05966777738785086
11127	0.027651507658900246	0.8170149711190322	0.15533352122206742
11128	0.7021762381833501	0.029158109943981568	0.2686656518726683
11129	0.03296601281810695	0.9188594115179004	0.04817457566399265
11130	0.35995493035512127	0.22239552221480344	0.4176495474300755
11131	0.35995493035512127	0.22239552221480344	0.4176495474300755
11132	0.03069594183810072	0.9090859891010143	0.060218069060885
11133	0.053418924668378484	0.6625209132941242	0.28406016203749707
11134	0.037972644858103324	0.9154991826919292	0.04652817244996754
11135	0.6189981554008828	0.07901121459404158	0.3019906300050755
11136	0.6332772739082255	0.0756693816093331	0.29105334448244125
11137	0.04230677410156898	0.8873540587346289	0.07033916716380173
11138	0.02901450900818066	0.8450560454535657	0.12592944553825347
11139	0.03671079636395757	0.9085682805449595	0.054720923091082986
11140	0.4632352226592087	0.2982728411962621	0.23849193614452943
11141	0.4632352226592087	0.2982728411962621	0.23849193614452943
11142	0.05925698639014423	0.8920301353624761	0.04871287824737988
11143	0.031931765337900514	0.9129027154026945	0.055165519259405084
11144	0.03240683021511091	0.9162346455428559	0.05135852424203309
11145	0.07540436654287483	0.8721052676745492	0.052490365782576126
11146	0.07540436654287483	0.8721052676745492	0.052490365782576126
11147	0.038816330920730176	0.9139037880964047	0.0472798809828652
11148	0.03671079636395757	0.9085682805449595	0.054720923091082986
11149	0.03291741756924524	0.9127975616357975	0.05428502079495713
11150	0.8974317970743143	0.06693854907472374	0.03562965385096207
11151	0.899626694249748	0.058891420725122594	0.04148188502512959
11152	0.05418543592144919	0.9029190177006511	0.04289554637789955
11153	0.03225766878695931	0.7397604920679711	0.22798183914506978
11154	0.05018349867136448	0.6815463314844173	0.26827016984421814
11155	0.06944513160882482	0.7158808859798165	0.2146739824113586
11156	0.028079294685298115	0.7132990864667889	0.25862161884791307
11157	0.12639119975815738	0.828226139735303	0.04538266050653959
11158	0.03010537636879902	0.6778758473632763	0.29201877626792483
11159	0.03578632463490633	0.8862858932997786	0.07792778206531478
11160	0.10467247754470793	0.07574343564944482	0.8195840868058469
11161	0.02876198336409442	0.7492584158788066	0.22197960075709916
11162	0.03291741756924524	0.9127975616357975	0.05428502079495713
11163	0.04627159754623273	0.9179305121577319	0.03579789029603542
11164	0.03671079636395757	0.9085682805449595	0.054720923091082986
11165	0.026970390963003264	0.9082943049663004	0.06473530407069635
11166	0.2770257950958729	0.13195261356175242	0.5910215913423746
11167	0.3486756126680871	0.3044208546731927	0.3469035326587201
11168	0.039146981944532346	0.7241444381282444	0.23670857992722333
11169	0.06446092381384294	0.8954236870881809	0.04011538909797601
11170	0.03444579648795535	0.9082780171779941	0.057276186334050766
11171	0.03671079636395757	0.9085682805449595	0.054720923091082986
11172	0.03671079636395757	0.9085682805449595	0.054720923091082986
11173	0.034879789128067655	0.9387255780468524	0.026394632825080356
11174	0.024672484339173382	0.9051023855093288	0.0702251301514978
11175	0.03671079636395757	0.9085682805449595	0.054720923091082986
11176	0.03671079636395757	0.9085682805449595	0.054720923091082986
11177	0.7896585150959352	0.06062233650550494	0.14971914839855985
11178	0.03564127798032607	0.670789315784401	0.29356940623527283
11179	0.03671079636395757	0.9085682805449595	0.054720923091082986
11180	0.03671079636395757	0.9085682805449595	0.054720923091082986
11181	0.050180333303062576	0.8157763319894524	0.13404333470748514
11182	0.6389883877395854	0.08527481246549873	0.2757367997949157
11183	0.051694775389048216	0.11544088318435027	0.8328643414266014
11184	0.06327837602128453	0.7029824917416818	0.2337391322370337
11185	0.05141736681872603	0.8951245408408635	0.053458092340410525
11186	0.05141736681872603	0.8951245408408635	0.053458092340410525
11187	0.03671079636395757	0.9085682805449595	0.054720923091082986
11188	0.03671079636395757	0.9085682805449595	0.054720923091082986
11189	0.040015679477314825	0.9237018846478431	0.036282435874842076
11190	0.03671079636395757	0.9085682805449595	0.054720923091082986
11191	0.03225766878695931	0.7397604920679711	0.22798183914506978
11192	0.05547003983155512	0.8794853728180683	0.0650445873503768
11193	0.04651157295853445	0.7862996624752621	0.16718876456620316
11194	0.03671079636395757	0.9085682805449595	0.054720923091082986
11195	0.03444579648795535	0.9082780171779941	0.057276186334050766
11196	0.03671079636395757	0.9085682805449595	0.054720923091082986
11197	0.05652400557593508	0.9025863877907451	0.040889606633319614
11198	0.7774243318657184	0.01734893172544942	0.20522673640883207
11199	0.7800360466944719	0.017335308881093782	0.20262864442443446
11200	0.03893237376804296	0.9091779209641702	0.05188970526778692
11201	0.6450714918360327	0.08052937211688034	0.27439913604708693
11202	0.03734178506638656	0.9216918502457495	0.04096636468786425
11203	0.0332503006112912	0.9174942828770596	0.04925541651164925
11204	0.0332503006112912	0.9174942828770596	0.04925541651164925
11205	0.0659602978349174	0.8642188577831216	0.06982084438196108
11206	0.0659602978349174	0.8642188577831216	0.06982084438196108
11207	0.6265160424763067	0.07882372770407224	0.29466022981962103
11208	0.03671079636395757	0.9085682805449595	0.054720923091082986
11209	0.06360028684330322	0.8523347646412404	0.08406494851545662
11210	0.04985262718531008	0.906784674890978	0.043362697923711946
11211	0.030010184181817934	0.8385423543226855	0.1314474614954962
11212	0.031198082065071485	0.9143620864066737	0.05443983152825476
11213	0.036714516941648526	0.9180474845227111	0.045237998535640235
11214	0.05745804207260601	0.7900824837292261	0.15245947419816783
11215	0.05363070943470131	0.9054047604236999	0.040964530141598655
11216	0.03671079636395757	0.9085682805449595	0.054720923091082986
11217	0.05925698639014423	0.8920301353624761	0.04871287824737988
11218	0.7377344753805709	0.02201770870300656	0.24024781591642236
11219	0.035420444708396004	0.9058846062504666	0.05869494904113742
11220	0.04455465287437751	0.9044809191012517	0.05096442802437086
11221	0.035606353383262644	0.8921616754468219	0.07223197116991557
11222	0.5332451635142313	0.3600099581176865	0.10674487836808207
11223	0.563138839311496	0.22623183165692676	0.2106293290315771
11224	0.03932649173923983	0.767617365965719	0.19305614229504098
11225	0.05925698639014423	0.8920301353624761	0.04871287824737988
11226	0.040075013737508616	0.9056368440747623	0.05428814218772917
11227	0.7429293563777539	0.020534407153057262	0.2365362364691889
11228	0.03671079636395757	0.9085682805449595	0.054720923091082986
11229	0.038310598851268605	0.9082623673811978	0.053427033767533355
11230	0.05418543592144919	0.9029190177006511	0.04289554637789955
11231	0.04723724925690303	0.30066584882740577	0.6520969019156911
11232	0.03873390861908799	0.9107627655882728	0.05050332579263926
11233	0.04222692186964903	0.9278635104401151	0.029909567690235776
11234	0.5807195996457454	0.08073669075535946	0.33854370959889507
11235	0.6221250232473218	0.07894980023089034	0.2989251765217878
11236	0.024672484339173382	0.9051023855093288	0.0702251301514978
11237	0.3768853047427061	0.28982096712422	0.333293728133074
11238	0.04723724925690303	0.30066584882740577	0.6520969019156911
11239	0.03671079636395757	0.9085682805449595	0.054720923091082986
11240	0.06327837602128453	0.7029824917416818	0.2337391322370337
11241	0.028681036645788905	0.9172600581954479	0.05405890515876328
11242	0.028681036645788905	0.9172600581954479	0.05405890515876328
11243	0.0804260179454674	0.02186178278261994	0.8977121992719126
11244	0.03671079636395757	0.9085682805449595	0.054720923091082986
11245	0.6052288786935565	0.0766069629705548	0.3181641583358885
11246	0.6206083463797695	0.07678442297869917	0.3026072306415312
11247	0.6305758141029395	0.05755556143132484	0.31186862446573566
11248	0.03225766878695931	0.7397604920679711	0.22798183914506978
11249	0.03671079636395757	0.9085682805449595	0.054720923091082986
11250	0.09767593474943215	0.1805085390353811	0.7218155262151867
11251	0.05750724874273803	0.9111520978842853	0.031340653372976514
11252	0.03291741756924524	0.9127975616357975	0.05428502079495713
11253	0.033996408348313675	0.9218835445664127	0.044120047085273374
11254	0.033996408348313675	0.9218835445664127	0.044120047085273374
11255	0.04068291903913239	0.9095406209960025	0.04977645996486503
11256	0.03411426155800267	0.9232508167069617	0.042634921735035594
11257	0.1361076932971256	0.8258221720737325	0.03807013462914201
11258	0.07396281400768456	0.5621773790952224	0.363859806897093
11259	0.6265160424763067	0.07882372770407224	0.29466022981962103
11260	0.05475898994519027	0.9064645497147117	0.03877646034009825
11261	0.031198082065071485	0.9143620864066737	0.05443983152825476
11262	0.035937021097025984	0.921027467763861	0.04303551113911273
11263	0.035937021097025984	0.921027467763861	0.04303551113911273
11264	0.62063140956475	0.07923975974210605	0.300128830693144
11265	0.6495078896897385	0.07817941784722278	0.27231269246303885
11266	0.03564893572298163	0.912174964903142	0.05217609937387644
11267	0.04584867296926324	0.9090191583907173	0.04513216864001967
11268	0.04584867296926324	0.9090191583907173	0.04513216864001967
11269	0.03671079636395757	0.9085682805449595	0.054720923091082986
11270	0.022130628110651692	0.7392411555993156	0.23862821629003259
11271	0.026946295797695356	0.910392509826111	0.06266119437619347
11272	0.0359299453265352	0.8952447081673843	0.06882534650608045
11273	0.7719390450648778	0.021842714041399043	0.20621824089372312
11274	0.03225766878695931	0.7397604920679711	0.22798183914506978
11275	0.03671079636395757	0.9085682805449595	0.054720923091082986
11276	0.12774502253040862	0.8419167274560502	0.030338250013541408
11277	0.04107058699120413	0.9239864925373305	0.034942920471465265
11278	0.0899491164329512	0.3927635061971106	0.5172873773699384
11279	0.04644795323917232	0.9124179594201305	0.041134087340697234
11280	0.8930149417429815	0.019998137813965304	0.08698692044305303
11281	0.03103362470114625	0.9240675814373992	0.044898793861454706
11282	0.3868009154783295	0.32109921562732596	0.2920998688943446
11283	0.04584867296926324	0.9090191583907173	0.04513216864001967
11284	0.7466579754410239	0.02219603085760417	0.23114599370137193
11285	0.03069594183810072	0.9090859891010143	0.060218069060885
11286	0.05051116541572203	0.8941344018219636	0.055354432762314436
11287	0.03671079636395757	0.9085682805449595	0.054720923091082986
11288	0.03671079636395757	0.9085682805449595	0.054720923091082986
11289	0.03671079636395757	0.9085682805449595	0.054720923091082986
11290	0.07295250300011709	0.540473049414903	0.38657444758497966
11291	0.7701856814721145	0.018913053773406522	0.21090126475447918
11292	0.7791772334138057	0.017210936309739914	0.2036118302764544
11293	0.6985463489143138	0.07688513232507763	0.22456851876060857
11294	0.03601377377288861	0.8839173401229582	0.08006888610415341
11295	0.11129004678208	0.6881053372107432	0.20060461600717694
11296	0.03371608985141871	0.9018038865580699	0.0644800235905115
11297	0.03371608985141871	0.9018038865580699	0.0644800235905115
11298	0.03671079636395757	0.9085682805449595	0.054720923091082986
11299	0.03671079636395757	0.9085682805449595	0.054720923091082986
11300	0.036268484773098145	0.910963817174408	0.052767698052493664
11301	0.7336193663532483	0.019944521657128785	0.24643611198962284
11302	0.42507753175613083	0.30194986219198955	0.27297260605187956
11303	0.02577601240550546	0.7631940352422848	0.21102995235220998
11304	0.026946295797695356	0.910392509826111	0.06266119437619347
11305	0.026946295797695356	0.910392509826111	0.06266119437619347
11306	0.03677454592458648	0.906910783571489	0.056314670503924406
11307	0.516131992798161	0.43909025058351825	0.04477775661832087
11308	0.6445724787059481	0.07885787256510414	0.27656964872894774
11309	0.6445724787059481	0.07885787256510414	0.27656964872894774
11310	0.5748393728186464	0.0673634891544425	0.35779713802691127
11311	0.6215152468020652	0.07896738528749923	0.2995173679104352
11312	0.4252508207567951	0.30807842558383075	0.2666707536593742
11313	0.035606353383262644	0.8921616754468219	0.07223197116991557
11314	0.04107058699120413	0.9239864925373305	0.034942920471465265
11315	0.13681062285636938	0.8206175699341572	0.04257180720947315
11316	0.04669409701640281	0.8990445406259998	0.054261362357597105
11317	0.03064852970913191	0.92541378403214	0.043937686258728056
11318	0.7779243845646094	0.01452016261267269	0.20755545282271778
11319	0.7767030064996316	0.014524550960542752	0.20877244253982544
11320	0.032418489303231636	0.8922264791597239	0.0753550315370443
11321	0.032418489303231636	0.8922264791597239	0.0753550315370443
11322	0.03578632463490633	0.8862858932997786	0.07792778206531478
11323	0.03578632463490633	0.8862858932997786	0.07792778206531478
11324	0.6258424636851342	0.07884300360804618	0.29531453270681945
11325	0.17835420291501905	0.7590818797044951	0.06256391738048588
11326	0.04661213569910913	0.9186210795418234	0.03476678475906786
11327	0.09671525429621207	0.688016319241579	0.2152684264622089
11328	0.03671079636395757	0.9085682805449595	0.054720923091082986
11329	0.04202036162503021	0.2844971702137895	0.6734824681611803
11330	0.03444579648795535	0.9082780171779941	0.057276186334050766
11331	0.03671079636395757	0.9085682805449595	0.054720923091082986
11332	0.03671079636395757	0.9085682805449595	0.054720923091082986
11333	0.03103362470114625	0.9240675814373992	0.044898793861454706
11334	0.03973200902626964	0.8821378640160885	0.07813012695764192
11335	0.08635892600403208	0.06785628638444528	0.8457847876115226
11336	0.04603728315495452	0.3667812613625644	0.5871814554824811
11337	0.03671079636395757	0.9085682805449595	0.054720923091082986
11338	0.04068291903913239	0.9095406209960025	0.04977645996486503
11339	0.6709743236227675	0.07886504623193344	0.250160630145299
11340	0.03905355944964997	0.9106338104279377	0.05031263012241221
11341	0.04107058699120413	0.9239864925373305	0.034942920471465265
11342	0.03444579648795535	0.9082780171779941	0.057276186334050766
11343	0.03444579648795535	0.9082780171779941	0.057276186334050766
11344	0.13999882868390653	0.617701992687853	0.24229917862824057
11345	0.18499757859703847	0.614042503180275	0.20095991822268647
11346	0.7221936821424413	0.03440610881731552	0.24340020904024307
11347	0.03671079636395757	0.9085682805449595	0.054720923091082986
11348	0.03873390861908799	0.9107627655882728	0.05050332579263926
11349	0.49198106807620273	0.0831643667573529	0.42485456516644415
11350	0.6211360796373896	0.07840669867190028	0.30045722169071
11351	0.4431637344014328	0.020937079072576647	0.5358991865259906
11352	0.03159105154598438	0.42660668383257216	0.5418022646214433
11353	0.0409877855386156	0.8590090785663632	0.10000313589502116
11354	0.0409877855386156	0.8590090785663632	0.10000313589502116
11355	0.0661968679924027	0.5994344256275377	0.33436870638005967
11356	0.0661968679924027	0.5994344256275377	0.33436870638005967
11357	0.033764277166435874	0.9304828967743732	0.035752826059191126
11358	0.04335948531067211	0.6261253942756666	0.3305151204136613
11359	0.868425779571871	0.04285325868018361	0.08872096174794515
11360	0.04723724925690303	0.30066584882740577	0.6520969019156911
11361	0.03873390861908799	0.9107627655882728	0.05050332579263926
11362	0.029608597050356456	0.9256861218873853	0.04470528106225833
11363	0.6317947498824378	0.08126633238753306	0.28693891773002916
11364	0.04723724925690303	0.30066584882740577	0.6520969019156911
11365	0.03671079636395757	0.9085682805449595	0.054720923091082986
11366	0.04644795323917232	0.9124179594201305	0.041134087340697234
11367	0.044427069954931835	0.9093697877157743	0.04620314232929393
11368	0.051229484473543155	0.42529651813107366	0.523473997395383
11369	0.03671079636395757	0.9085682805449595	0.054720923091082986
11370	0.6332689127340753	0.07938140423096268	0.2873496830349619
11371	0.042907167473981364	0.7725395873725386	0.18455324515348004
11372	0.026348019639266636	0.9246784887070536	0.04897349165368012
11373	0.03444579648795535	0.9082780171779941	0.057276186334050766
11374	0.050595141382205666	0.890479284715903	0.05892557390189135
11375	0.6240081344686569	0.06777625513587729	0.30821561039546574
11376	0.09253107557478032	0.15356340154959372	0.7539055228756257
11377	0.03444579648795535	0.9082780171779941	0.057276186334050766
11378	0.03444579648795535	0.9082780171779941	0.057276186334050766
11379	0.7657878153001226	0.023223406890957244	0.21098877780892
11380	0.027068648694777483	0.9255809398027964	0.047350411502426394
11381	0.034427413746302385	0.9220007934063232	0.04357179284737438
11382	0.034427413746302385	0.9220007934063232	0.04357179284737438
11383	0.029384190962444545	0.9259577198807484	0.04465808915680728
11384	0.5059434459151539	0.08724143607181015	0.4068151180130358
11385	0.03671079636395757	0.9085682805449595	0.054720923091082986
11386	0.03671079636395757	0.9085682805449595	0.054720923091082986
11387	0.21415930861851654	0.7009170671719303	0.08492362420955311
11388	0.03671079636395757	0.9085682805449595	0.054720923091082986
11389	0.03671079636395757	0.9085682805449595	0.054720923091082986
11390	0.03671079636395757	0.9085682805449595	0.054720923091082986
11391	0.03671079636395757	0.9085682805449595	0.054720923091082986
11392	0.03671079636395757	0.9085682805449595	0.054720923091082986
11393	0.04603728315495452	0.3667812613625644	0.5871814554824811
11394	0.03671079636395757	0.9085682805449595	0.054720923091082986
11395	0.03671079636395757	0.9085682805449595	0.054720923091082986
11396	0.03671079636395757	0.9085682805449595	0.054720923091082986
11397	0.44456681523043223	0.2943094350487159	0.2611237497208516
11398	0.03671079636395757	0.9085682805449595	0.054720923091082986
11399	0.6403355443717226	0.0737974035215891	0.28586705210668806
11400	0.037885072622207	0.9049643628122978	0.05715056456549522
11401	0.03671079636395757	0.9085682805449595	0.054720923091082986
11402	0.04723724925690303	0.30066584882740577	0.6520969019156911
11403	0.043969980692883416	0.28979708365555334	0.666232935651563
11404	0.47940027276914177	0.032165905657346706	0.4884338215735115
11405	0.4996397553512033	0.031706379525825855	0.46865386512297075
11406	0.6709743236227675	0.07886504623193344	0.250160630145299
11407	0.04068291903913239	0.9095406209960025	0.04977645996486503
11408	0.03671079636395757	0.9085682805449595	0.054720923091082986
11409	0.6931743886408083	0.05578989030167728	0.2510357210575144
11410	0.4702041495993498	0.059580924004229825	0.4702149263964203
11411	0.04068291903913239	0.9095406209960025	0.04977645996486503
11412	0.03671079636395757	0.9085682805449595	0.054720923091082986
11413	0.03671079636395757	0.9085682805449595	0.054720923091082986
11414	0.03671079636395757	0.9085682805449595	0.054720923091082986
11415	0.043076028113873045	0.26584758898277716	0.6910763829033498
11416	0.6597172293117911	0.07815727923045628	0.2621254914577527
11417	0.052705406238854634	0.14760195828041694	0.7996926354807287
11418	0.704084495580131	0.06249265364084127	0.23342285077902794
11419	0.04021735179644576	0.9164873410890784	0.043295307114475504
11420	0.2562018745039599	0.6073793451221147	0.13641878037392563
11421	0.03371044053684226	0.11348260567432888	0.8528069537888289
11422	0.04002844724590826	0.9127989509789846	0.04717260177510731
11423	0.03671079636395757	0.9085682805449595	0.054720923091082986
11424	0.03671079636395757	0.9085682805449595	0.054720923091082986
11425	0.03671079636395757	0.9085682805449595	0.054720923091082986
11426	0.03671079636395757	0.9085682805449595	0.054720923091082986
11427	0.11382561313522219	0.6782047585534698	0.20796962831130777
11428	0.04068291903913239	0.9095406209960025	0.04977645996486503
11429	0.03225766878695931	0.7397604920679711	0.22798183914506978
11430	0.03893237376804296	0.9091779209641702	0.05188970526778692
11431	0.04230677410156898	0.8873540587346289	0.07033916716380173
11432	0.04230677410156898	0.8873540587346289	0.07033916716380173
11433	0.04036203878700811	0.9197434347104892	0.0398945265025026
11434	0.6409419653768085	0.08541440261787739	0.27364363200531433
11435	0.03444579648795535	0.9082780171779941	0.057276186334050766
11436	0.06327837602128453	0.7029824917416818	0.2337391322370337
11437	0.047811996508989214	0.39773276296970395	0.5544552405213065
11438	0.03671079636395757	0.9085682805449595	0.054720923091082986
11439	0.0643316314810471	0.36733714009287793	0.568331228426075
11440	0.04557210099326179	0.8681535306494471	0.08627436835729123
11441	0.04723724925690303	0.30066584882740577	0.6520969019156911
11442	0.03671079636395757	0.9085682805449595	0.054720923091082986
11443	0.03103362470114625	0.9240675814373992	0.044898793861454706
11444	0.03671079636395757	0.9085682805449595	0.054720923091082986
11445	0.04723724925690303	0.30066584882740577	0.6520969019156911
11446	0.032875107845368144	0.933137923353266	0.033986968801365876
11447	0.03671079636395757	0.9085682805449595	0.054720923091082986
11448	0.033287507907313794	0.9060028051472871	0.06070968694539909
11449	0.03225766878695931	0.7397604920679711	0.22798183914506978
11450	0.03671079636395757	0.9085682805449595	0.054720923091082986
11451	0.03073856046091546	0.9279635749248291	0.04129786461425573
11452	0.6258424636851342	0.07884300360804618	0.29531453270681945
11453	0.04156683691959191	0.9100107680539734	0.04842239502643477
11454	0.04315523869611844	0.750983765879144	0.20586099542473765
11455	0.6212194623545079	0.07897592209777857	0.2998046155477133
11456	0.10509214338823689	0.8511369904106502	0.043770866201112806
11457	0.7944168942362521	0.07677438512237574	0.12880872064137228
11458	0.03291354620112247	0.893643673196601	0.07344278060227653
11459	0.03291741756924524	0.9127975616357975	0.05428502079495713
11460	0.02749761955601128	0.9270022386477126	0.045500141796276136
11461	0.3486756126680871	0.3044208546731927	0.3469035326587201
11462	0.04068291903913239	0.9095406209960025	0.04977645996486503
11463	0.6374864292620396	0.08222075220767308	0.2802928185302875
11464	0.03671079636395757	0.9085682805449595	0.054720923091082986
11465	0.03671079636395757	0.9085682805449595	0.054720923091082986
11466	0.6258424636851342	0.07884300360804618	0.29531453270681945
11467	0.26977584349045713	0.6831324677466335	0.04709168876290929
11468	0.03695223317801432	0.9148407154078974	0.04820705141408833
11469	0.7376921935215378	0.11505028392489454	0.14725752255356772
11470	0.03671079636395757	0.9085682805449595	0.054720923091082986
11471	0.03671079636395757	0.9085682805449595	0.054720923091082986
11472	0.14143513889769305	0.6254331582917037	0.2331317028106032
11473	0.14143513889769305	0.6254331582917037	0.2331317028106032
11474	0.031481167759235325	0.9231181861633659	0.04540064607739895
11475	0.031481167759235325	0.9231181861633659	0.04540064607739895
11476	0.040075013737508616	0.9056368440747623	0.05428814218772917
11477	0.03564127798032607	0.670789315784401	0.29356940623527283
11478	0.05801750329193621	0.7743836505453181	0.16759884616274573
11479	0.3460577408800703	0.30580559573055016	0.34813666338937965
11480	0.3812855291586133	0.30161311646952005	0.3171013543718665
11481	0.04644795323917232	0.9124179594201305	0.041134087340697234
11482	0.04644795323917232	0.9124179594201305	0.041134087340697234
11483	0.09838874625923853	0.8489217714084609	0.05268948233230089
11484	0.44147084176137946	0.04752596044555748	0.5110031977930632
11485	0.03671079636395757	0.9085682805449595	0.054720923091082986
11486	0.6215261576525261	0.07896707046822136	0.29950677187925234
11487	0.03671079636395757	0.9085682805449595	0.054720923091082986
11488	0.03671079636395757	0.9085682805449595	0.054720923091082986
11489	0.03444579648795535	0.9082780171779941	0.057276186334050766
11490	0.07210723818917325	0.8425444151913052	0.08534834661952162
11491	0.07210723818917325	0.8425444151913052	0.08534834661952162
11492	0.04007464711379719	0.9036265595004714	0.0562987933857318
11493	0.09345107160612959	0.8629676448840379	0.0435812835098324
11494	0.6067136220232384	0.080505208755992	0.3127811692207698
11495	0.5929069054740281	0.03380881391213423	0.37328428061383756
11496	0.029807726498825207	0.91914490198847	0.051047371512704914
11497	0.7557805470256533	0.06644020324068035	0.17777924973366638
11498	0.1939096038717196	0.20647754582906253	0.5996128502992181
11499	0.1939096038717196	0.20647754582906253	0.5996128502992181
11500	0.0675391556003398	0.7276819320429178	0.20477891235674242
11501	0.039961153763766154	0.9103033504499591	0.04973549578627504
11502	0.039961153763766154	0.9103033504499591	0.04973549578627504
11503	0.03225766878695931	0.7397604920679711	0.22798183914506978
11504	0.16445574932737234	0.7146589534250272	0.12088529724760033
11505	0.02749761955601128	0.9270022386477126	0.045500141796276136
11506	0.04136166550096878	0.920779561740329	0.03785877275870234
11507	0.039200675617699944	0.9102810520130764	0.050518272369223766
11508	0.024376488899873153	0.8834553095816585	0.09216820151846812
11509	0.36980862967175715	0.42620852624677596	0.20398284408146644
11510	0.44286469268948453	0.35224259375285366	0.20489271355766173
11511	0.6422316040350498	0.02725314013334	0.3305152558316104
11512	0.6422316040350498	0.02725314013334	0.3305152558316104
11513	0.03671079636395757	0.9085682805449595	0.054720923091082986
11514	0.04603728315495452	0.3667812613625644	0.5871814554824811
11515	0.09508880965942984	0.5469169103714443	0.35799427996912575
11516	0.09508880965942984	0.5469169103714443	0.35799427996912575
11517	0.03671079636395757	0.9085682805449595	0.054720923091082986
11518	0.035606353383262644	0.8921616754468219	0.07223197116991557
11519	0.03671079636395757	0.9085682805449595	0.054720923091082986
11520	0.036714516941648526	0.9180474845227111	0.045237998535640235
11521	0.26622429128940467	0.6889403601290557	0.044835348581539494
11522	0.03416526731631207	0.7812536805469776	0.1845810521367098
11523	0.05418543592144919	0.9029190177006511	0.04289554637789955
11524	0.028589256566572064	0.9244223663871675	0.046988377046260216
11525	0.621554066186898	0.07896626522909904	0.2994796685840027
11526	0.5806443330627126	0.056124777972853535	0.3632308889644339
11527	0.1990111304402063	0.4172575287182898	0.38373134084150357
11528	0.13681062285636938	0.8206175699341572	0.04257180720947315
11529	0.04373403550475539	0.6117482229416439	0.3445177415536006
11530	0.03559565183258165	0.7608597218297039	0.20354462633771447
11531	0.05345822861286596	0.905495722739083	0.04104604864805098
11532	0.03671079636395757	0.9085682805449595	0.054720923091082986
11533	0.03671079636395757	0.9085682805449595	0.054720923091082986
11534	0.13681062285636938	0.8206175699341572	0.04257180720947315
11535	0.34931859589181885	0.3166321241591054	0.33404927994907546
11536	0.05101552057643745	0.9032358058589942	0.04574867356456813
11537	0.03671079636395757	0.9085682805449595	0.054720923091082986
11538	0.024672484339173382	0.9051023855093288	0.0702251301514978
11539	0.03671079636395757	0.9085682805449595	0.054720923091082986
11540	0.15713164639941202	0.2891764051898634	0.5536919484107248
11541	0.8826961568136626	0.08895972112954759	0.02834412205678981
11542	0.03564127798032607	0.670789315784401	0.29356940623527283
11543	0.03444579648795535	0.9082780171779941	0.057276186334050766
11544	0.04455465287437751	0.9044809191012517	0.05096442802437086
11545	0.06022188139412826	0.9013647988652128	0.038413319740658786
11546	0.03905355944964997	0.9106338104279377	0.05031263012241221
11547	0.03671079636395757	0.9085682805449595	0.054720923091082986
11548	0.02038811631585196	0.8989671175355225	0.0806447661486256
11549	0.032673187488782555	0.23240171985782268	0.7349250926533949
11550	0.029401931712972413	0.8854829071930667	0.08511516109396068
11551	0.03671079636395757	0.9085682805449595	0.054720923091082986
11552	0.11173662473429613	0.8522565433723156	0.03600683189338793
11553	0.2686291407382041	0.6005138192857202	0.13085703997607548
11554	0.04723724925690303	0.30066584882740577	0.6520969019156911
11555	0.03671079636395757	0.9085682805449595	0.054720923091082986
11556	0.0409877855386156	0.8590090785663632	0.10000313589502116
11557	0.03671079636395757	0.9085682805449595	0.054720923091082986
11558	0.046002716662288945	0.7688711495765982	0.1851261337611129
11559	0.039570426680165326	0.9069578069903963	0.053471766329438376
11560	0.0409877855386156	0.8590090785663632	0.10000313589502116
11561	0.03069594183810072	0.9090859891010143	0.060218069060885
11562	0.03671079636395757	0.9085682805449595	0.054720923091082986
11563	0.03671079636395757	0.9085682805449595	0.054720923091082986
11564	0.916077966738771	0.07430634415817355	0.009615689103055323
11565	0.7943369963744972	0.013503873389538524	0.19215913023596407
11566	0.7943369963744972	0.013503873389538524	0.19215913023596407
11567	0.03564127798032607	0.670789315784401	0.29356940623527283
11568	0.62242272880608	0.055960752946596234	0.32161651824732396
11569	0.8010306259849135	0.05058790837209747	0.14838146564298899
11570	0.04966979673348794	0.2491764454554959	0.7011537578110162
11571	0.03291741756924524	0.9127975616357975	0.05428502079495713
11572	0.03645020083514599	0.9056035763087129	0.057946222856140955
11573	0.03671079636395757	0.9085682805449595	0.054720923091082986
11574	0.04723724925690303	0.30066584882740577	0.6520969019156911
11575	0.04603728315495452	0.3667812613625644	0.5871814554824811
11576	0.719453214831975	0.03085073161866898	0.24969605354935595
11577	0.7024007777530021	0.02692659069311183	0.27067263155388605
11578	0.22051444755532454	0.697694391346173	0.08179116109850285
11579	0.05418543592144919	0.9029190177006511	0.04289554637789955
11580	0.03069594183810072	0.9090859891010143	0.060218069060885
11581	0.0320548955391167	0.6714253268066235	0.2965197776542597
11582	0.050058619288863744	0.9027353680202155	0.04720601269092051
11583	0.03848765064216183	0.9127505235107383	0.04876182584710002
11584	0.3645172739973732	0.31371093459319077	0.32177179140943585
11585	0.4245369546104524	0.3105543806273485	0.264908664762199
11586	0.04723724925690303	0.30066584882740577	0.6520969019156911
11587	0.04275257144967569	0.7895197407565562	0.16772768779376832
11588	0.03612663765534214	0.9168982866587191	0.0469750756859393
11589	0.03808706943014537	0.9099624796114424	0.051950450958412414
11590	0.041492559088867294	0.9103564087820426	0.04815103212909004
11591	0.041492559088867294	0.9103564087820426	0.04815103212909004
11592	0.04892122777177673	0.9209083760799788	0.030170396148244863
11593	0.6449019490494926	0.07540711951490627	0.2796909314356011
11594	0.6449019490494926	0.07540711951490627	0.2796909314356011
11595	0.03484811959396853	0.8848960285036107	0.08025585190242082
11596	0.6783835970924458	0.07126740129113088	0.2503490016164235
11597	0.6054066898597356	0.07588806231206718	0.31870524782819726
11598	0.04222692186964903	0.9278635104401151	0.029909567690235776
11599	0.04222692186964903	0.9278635104401151	0.029909567690235776
11600	0.38972982956756347	0.22123633274300697	0.3890338376894295
11601	0.02970156597867602	0.9220302719174808	0.04826816210384308
11602	0.040474564580396485	0.3829948118629171	0.5765306235566863
11603	0.04388682654878783	0.8794464846209543	0.07666668883025819
11604	0.05101552057643745	0.9032358058589942	0.04574867356456813
11605	0.6364066424013135	0.08077366574608147	0.282819691852605
11606	0.03671079636395757	0.9085682805449595	0.054720923091082986
11607	0.04603728315495452	0.3667812613625644	0.5871814554824811
11608	0.1059384667290236	0.8119016971802993	0.08215983609067745
11609	0.03484811959396853	0.8848960285036107	0.08025585190242082
11610	0.029879959845975107	0.9347270218879714	0.03539301826605342
11611	0.0352415877100244	0.482496940829935	0.48226147146004045
11612	0.729910233095708	0.03406991462591131	0.2360198522783809
11613	0.04068291903913239	0.9095406209960025	0.04977645996486503
11614	0.7126328989937218	0.06069914848824972	0.22666795251802851
11615	0.03671079636395757	0.9085682805449595	0.054720923091082986
11616	0.03873390861908799	0.9107627655882728	0.05050332579263926
11617	0.03874716151278778	0.9269663910339766	0.034286447453235516
11618	0.03893237376804296	0.9091779209641702	0.05188970526778692
11619	0.031198082065071485	0.9143620864066737	0.05443983152825476
11620	0.03671079636395757	0.9085682805449595	0.054720923091082986
11621	0.45917297602327745	0.2985918867135919	0.2422351372631306
11622	0.040029614733819614	0.33249526494483406	0.6274751203213461
11623	0.03671079636395757	0.9085682805449595	0.054720923091082986
11624	0.3559298230112548	0.30771204386694906	0.3363581331217961
11625	0.050601749976415554	0.3154065179119356	0.6339917321116489
11626	0.06022188139412826	0.9013647988652128	0.038413319740658786
11627	0.6804522984749539	0.029567339417469047	0.2899803621075771
11628	0.7018552466549383	0.031505848834919255	0.2666389045101427
11629	0.6434264344503515	0.07915260765456904	0.2774209578950795
11630	0.038816330920730176	0.9139037880964047	0.0472798809828652
11631	0.03671079636395757	0.9085682805449595	0.054720923091082986
11632	0.6327165604224657	0.06949648296297516	0.2977869566145593
11633	0.26766989295801513	0.1313054967166017	0.6010246103253832
11634	0.33996340848452083	0.30647688959424363	0.35355970192123565
11635	0.7683233922153526	0.09024207809517967	0.1414345296894676
11636	0.03694259347979701	0.9052230809320102	0.057834325588192875
11637	0.6349259476224187	0.07935868416050162	0.28571536821707955
11638	0.03420767428521536	0.897868138460738	0.06792418725404659
11639	0.03671079636395757	0.9085682805449595	0.054720923091082986
11640	0.5938417596649115	0.06741004893256024	0.33874819140252826
11641	0.03444579648795535	0.9082780171779941	0.057276186334050766
11642	0.09380319768903335	0.6314123266432761	0.2747844756676905
11643	0.05418543592144919	0.9029190177006511	0.04289554637789955
11644	0.6113857772184932	0.07926228618285366	0.30935193659865295
11645	0.06703299584221106	0.7788858906528889	0.15408111350489997
11646	0.038093857210502347	0.9339721363342497	0.02793400645524782
11647	0.03671079636395757	0.9085682805449595	0.054720923091082986
11648	0.6627265425166439	0.06827386221442032	0.2689995952689359
11649	0.06327837602128453	0.7029824917416818	0.2337391322370337
11650	0.03671079636395757	0.9085682805449595	0.054720923091082986
11651	0.03695223317801432	0.9148407154078974	0.04820705141408833
11652	0.6349206439742563	0.07935884402566787	0.2857205120000758
11653	0.07747496170897608	0.44275337132696835	0.47977166696405565
11654	0.1072544537862745	0.687284756984254	0.2054607892294715
11655	0.07699296139461793	0.8965690045198274	0.026438034085554757
11656	0.054576237467857246	0.9226149122113396	0.02280885032080316
11657	0.7840983453272753	0.015181942483131025	0.20071971218959375
11658	0.7862384052709639	0.01545869986631831	0.19830289486271782
11659	0.031420007619320935	0.9047415112894047	0.06383848109127434
11660	0.6108427502623961	0.05979894223134365	0.3293583075062601
11661	0.03671079636395757	0.9085682805449595	0.054720923091082986
11662	0.5951194190544458	0.06168183269954222	0.343198748246012
11663	0.03671079636395757	0.9085682805449595	0.054720923091082986
11664	0.04723724925690303	0.30066584882740577	0.6520969019156911
11665	0.03671079636395757	0.9085682805449595	0.054720923091082986
11666	0.03671079636395757	0.9085682805449595	0.054720923091082986
11667	0.04012883615375577	0.9029900532283953	0.056881110617848826
11668	0.04569375998160885	0.8988654830408288	0.055440756977562254
11669	0.06928746337450192	0.8246087065908855	0.10610383003461248
11670	0.03265059903007851	0.9186513365912099	0.048698064378711305
11671	0.06993915716942285	0.8045895317172456	0.12547131111333157
11672	0.06610237588472015	0.9019124486152951	0.031985175499984586
11673	0.06022188139412826	0.9013647988652128	0.038413319740658786
11674	0.035064490477651596	0.9114276322809371	0.053507877241411414
11675	0.03671079636395757	0.9085682805449595	0.054720923091082986
11676	0.03671079636395757	0.9085682805449595	0.054720923091082986
11677	0.617840948177543	0.07949679606404127	0.30266225575841565
11678	0.617840948177543	0.07949679606404127	0.30266225575841565
11679	0.03671079636395757	0.9085682805449595	0.054720923091082986
11680	0.03671079636395757	0.9085682805449595	0.054720923091082986
11681	0.27901880315288385	0.5937190514976949	0.1272621453494213
11682	0.06327837602128453	0.7029824917416818	0.2337391322370337
11683	0.05484038155901838	0.7200156600651548	0.22514395837582699
11684	0.04723724925690303	0.30066584882740577	0.6520969019156911
11685	0.058675165374029045	0.7087900458209815	0.23253478880498937
11686	0.057945164398140514	0.10981196030662206	0.8322428752952374
11687	0.6794080417120593	0.07380057867660793	0.24679137961133266
11688	0.2498557854529016	0.5854492418289743	0.1646949727181241
11689	0.04642048044861185	0.85210738828629	0.10147213126509806
11690	0.7942268504882969	0.013536967628405278	0.19223618188329772
11691	0.032369774204077106	0.6819510875201362	0.28567913827578684
11692	0.39032785586018703	0.2445141985662144	0.3651579455735985
11693	0.04584867296926324	0.9090191583907173	0.04513216864001967
11694	0.04584867296926324	0.9090191583907173	0.04513216864001967
11695	0.03103362470114625	0.9240675814373992	0.044898793861454706
11696	0.03671079636395757	0.9085682805449595	0.054720923091082986
11697	0.0458948907306101	0.9084449034864809	0.04566020578290907
11698	0.7222015336038774	0.239048093541603	0.038750372854519745
11699	0.9149015535493351	0.026177295565953627	0.05892115088471144
11700	0.9166690980625196	0.04451649929924844	0.038814402638232
