21257	0.37197197749053573	0.31264309838469506	0.31538492412476904
21258	0.07715559639300995	0.8044500015799857	0.11839440202700469
21259	0.17895779759838176	0.7717129069880031	0.04932929541361523
21260	0.27103650289554415	0.6785786864440908	0.05038481066036494
21261	0.24609137376980503	0.09963298784729503	0.6542756383829001
21262	0.24609137376980503	0.09963298784729503	0.6542756383829001
21263	0.03357308162115509	0.138687568702435	0.8277393496764098
21264	0.15379485538207638	0.8051112370970976	0.04109390752082618
21265	0.15379485538207638	0.8051112370970976	0.04109390752082618
21266	0.08279014279414666	0.10749409038067967	0.8097157668251737
21267	0.029073433084717916	0.288771059571016	0.682155507344266
21268	0.6888386414893026	0.12283115617923615	0.18833020233146125
21269	0.6888386414893026	0.12283115617923615	0.18833020233146125
21270	0.15954997131062001	0.787292525759795	0.05315750292958479
21271	0.15954997131062001	0.787292525759795	0.05315750292958479
21272	0.3195581093625149	0.17929661454182033	0.5011452760956651
21273	0.15954997131062001	0.787292525759795	0.05315750292958479
21274	0.21723365976665576	0.5660983802611651	0.21666795997217905
21275	0.40532490100921403	0.2848877544111568	0.30978734457962903
21276	0.3497033305507967	0.14038689379707678	0.5099097756521267
21277	0.6721381993204512	0.1850317586196066	0.142830042059942
21278	0.31957536185755203	0.17929555186825993	0.5011290862741878
21279	0.6019740191896817	0.24547114027669087	0.1525548405336272
21280	0.17888482295028874	0.7857039817358279	0.035411195313883426
21281	0.17888482295028874	0.7857039817358279	0.035411195313883426
21282	0.15342998308365896	0.3137347188755829	0.5328352980407579
21283	0.44179780047689315	0.4911235311525828	0.067078668370524
21284	0.16213743366794736	0.796734700716154	0.04112786561589877
21285	0.13629272349992652	0.8044888885156591	0.05921838798441456
21286	0.7106089081862483	0.1558898362141924	0.13350125559955922
21287	0.7642478963505058	0.12171434328164465	0.11403776036784964
21288	0.07893734792871009	0.8108697341303942	0.1101929179408955
21289	0.096941126378938	0.800498106523808	0.1025607670972536
21290	0.13312469718296485	0.8284988315325746	0.03837647128446051
21291	0.13312469718296485	0.8284988315325746	0.03837647128446051
21292	0.15954997131062001	0.787292525759795	0.05315750292958479
21293	0.15954997131062001	0.787292525759795	0.05315750292958479
21294	0.04097183787609655	0.28264017497959604	0.6763879871443071
21295	0.14679379992317362	0.5732828200494409	0.27992338002738537
21296	0.11140556005238691	0.8002791296507447	0.08831531029686834
21297	0.15954997131062001	0.787292525759795	0.05315750292958479
21298	0.19093643145060707	0.7574441567583714	0.051619411791021474
21299	0.15279725484021414	0.8093739956011542	0.03782874955863199
21300	0.17895779759838176	0.7717129069880031	0.04932929541361523
21301	0.20021507244412307	0.5188096051165653	0.2809753224393114
21302	0.0983224191069068	0.8609394735487473	0.040738107344346054
21303	0.17895779759838176	0.7717129069880031	0.04932929541361523
21304	0.15954997131062001	0.787292525759795	0.05315750292958479
21305	0.25803348227232337	0.6867230109737141	0.05524350675396254
21306	0.07715559639300995	0.8044500015799857	0.11839440202700469
21307	0.1342571034730639	0.7911517679939899	0.0745911285329462
21308	0.15954997131062001	0.787292525759795	0.05315750292958479
21309	0.15954997131062001	0.787292525759795	0.05315750292958479
21310	0.03765574405672122	0.13915841976829604	0.8231858361749823
21311	0.17895779759838176	0.7717129069880031	0.04932929541361523
21312	0.0419252143580979	0.10663316997173677	0.8514416156701653
21313	0.1663099546471435	0.7735156820602397	0.060174363292617
21314	0.28192522351101695	0.19792346893366594	0.520151307555317
21315	0.15954997131062001	0.787292525759795	0.05315750292958479
21316	0.18916812778710637	0.1472141945661917	0.663617677646702
21317	0.3447933139303492	0.19175244621151316	0.4634542398581378
21318	0.17895779759838176	0.7717129069880031	0.04932929541361523
21319	0.15954997131062001	0.787292525759795	0.05315750292958479
21320	0.0557638120924257	0.1108347530203704	0.8334014348872041
21321	0.06535921894637443	0.370452409058882	0.5641883719947435
21322	0.2510569461332656	0.6853777682466351	0.063565285620099
21323	0.17895779759838176	0.7717129069880031	0.04932929541361523
21324	0.15041238251794448	0.7725826549297525	0.07700496255230269
21325	0.0996037218003532	0.7906764071671758	0.10971987103247115
21326	0.1039431894556228	0.8601207845943084	0.035936025950068604
21327	0.15954997131062001	0.787292525759795	0.05315750292958479
21328	0.06107651016475543	0.7095252282680008	0.22939826156724366
21329	0.06103032092168942	0.12124941899595026	0.8177202600823605
21330	0.0445083786614747	0.43499417303273397	0.5204974483057914
21331	0.03901170733126319	0.26543599279053465	0.6955522998782024
21332	0.15954997131062001	0.787292525759795	0.05315750292958479
21333	0.18085999649230286	0.7579556651512269	0.061184338356470414
21334	0.17895779759838176	0.7717129069880031	0.04932929541361523
21335	0.17895779759838176	0.7717129069880031	0.04932929541361523
21336	0.10118385753343331	0.8667427495306133	0.03207339293595331
21337	0.4941008714955092	0.4560172714448289	0.049881857059662076
21338	0.09931295137008941	0.8092042638231391	0.09148278480677155
21339	0.01892266234059196	0.2756421268300805	0.7054352108293275
21340	0.07715559639300995	0.8044500015799857	0.11839440202700469
21341	0.14531510527534844	0.7957174129312192	0.05896748179343249
21342	0.19254447531824265	0.7720607731350568	0.0353947515467004
21343	0.08864430960170178	0.09808257311913128	0.8132731172791668
21344	0.1783218711331312	0.6294823003058032	0.1921958285610659
21345	0.2575374401391745	0.6791133660789367	0.06334919378188891
21346	0.19953740642739287	0.7456692236506509	0.054793369921956034
21347	0.15954997131062001	0.787292525759795	0.05315750292958479
21348	0.15954997131062001	0.787292525759795	0.05315750292958479
21349	0.3791680878586272	0.2862853743155822	0.33454653782579047
21350	0.44556626913508274	0.1905697591374581	0.36386397172745877
21351	0.21634176086977408	0.4692474081223947	0.3144108310078312
21352	0.21634176086977408	0.4692474081223947	0.3144108310078312
21353	0.4442365607917661	0.22502465753059486	0.330738781677639
21354	0.07288691327458169	0.8291270442086257	0.09798604251679248
21355	0.1039431894556228	0.8601207845943084	0.035936025950068604
21356	0.1039431894556228	0.8601207845943084	0.035936025950068604
21357	0.17895779759838176	0.7717129069880031	0.04932929541361523
21358	0.11130420690950954	0.7852981667396088	0.10339762635088151
21359	0.11130420690950954	0.7852981667396088	0.10339762635088151
21360	0.12287787752024003	0.840702063009689	0.036420059470070945
21361	0.17895779759838176	0.7717129069880031	0.04932929541361523
21362	0.03765574405672122	0.13915841976829604	0.8231858361749823
21363	0.17895779759838176	0.7717129069880031	0.04932929541361523
21364	0.3475347953459605	0.14577906868405135	0.5066861359699882
21365	0.2644066476776232	0.6738291555825634	0.0617641967398135
21366	0.2644066476776232	0.6738291555825634	0.0617641967398135
21367	0.06254340335165849	0.32814126274248295	0.6093153339058587
21368	0.3006868407478002	0.223715809387522	0.4755973498646774
21369	0.20577516426057638	0.23964525845750578	0.5545795772819179
21370	0.3287740549925761	0.18032109258325038	0.49090485242417325
21371	0.06601280497011303	0.11231800411499383	0.8216691909148931
21372	0.23249346910991653	0.10019827280031299	0.6673082580897706
21373	0.23073501217645637	0.09992168650670889	0.669343301316835
21374	0.14463005901003056	0.8235518132574529	0.031818127732516424
21375	0.17895779759838176	0.7717129069880031	0.04932929541361523
21376	0.7147098608316115	0.22749862703777438	0.05779151213061428
21377	0.2199181134773698	0.72984492429828	0.050236962224349965
21378	0.16351750256059222	0.756089302591791	0.08039319484761683
21379	0.19071186141978955	0.7215107213552733	0.08777741722493702
21380	0.4941008714955092	0.4560172714448289	0.049881857059662076
21381	0.4579309008254523	0.4846611206031246	0.05740797857142311
21382	0.18085999649230286	0.7579556651512269	0.061184338356470414
21383	0.15954997131062001	0.787292525759795	0.05315750292958479
21384	0.03440810278337258	0.28659162980877906	0.6790002674078484
21385	0.03747456541887202	0.43350882339010716	0.5290166111910205
21386	0.15171106703893186	0.8023571037426006	0.045931829218467675
21387	0.09545938550901287	0.8119947993026696	0.0925458151883177
21388	0.17895779759838176	0.7717129069880031	0.04932929541361523
21389	0.17895779759838176	0.7717129069880031	0.04932929541361523
21390	0.14531510527534844	0.7957174129312192	0.05896748179343249
21391	0.1447291227155878	0.820020849306205	0.03525002797820728
21392	0.18085999649230286	0.7579556651512269	0.061184338356470414
21393	0.029107894932667622	0.23371871761052163	0.7371733874568106
21394	0.14507570601697953	0.6884200276130265	0.16650426636999432
21395	0.7000668130299614	0.2523618325219111	0.047571354448127726
21396	0.19633278278518443	0.4147833949579537	0.38888382225686174
21397	0.7916382229704922	0.07953715770979727	0.1288246193197106
21398	0.7748040926825235	0.1051915890088769	0.12000431830859946
21399	0.15954997131062001	0.787292525759795	0.05315750292958479
21400	0.13561274076009447	0.8264132871739217	0.037973972065983484
21401	0.24318343934861714	0.31646867698532605	0.44034788366605687
21402	0.12764376904867064	0.8226130619191072	0.0497431690322221
21403	0.028326580535144343	0.5459936186390457	0.4256798008258101
21404	0.11686790117965086	0.7747415551716699	0.10839054364867952
21405	0.17895779759838176	0.7717129069880031	0.04932929541361523
21406	0.17895779759838176	0.7717129069880031	0.04932929541361523
21407	0.055559264932505355	0.2799330421561782	0.6645076929113165
21408	0.15969351901275236	0.8077106105592626	0.03259587042798504
21409	0.17895779759838176	0.7717129069880031	0.04932929541361523
21410	0.17895779759838176	0.7717129069880031	0.04932929541361523
21411	0.2199181134773698	0.72984492429828	0.050236962224349965
21412	0.2199181134773698	0.72984492429828	0.050236962224349965
21413	0.15954997131062001	0.787292525759795	0.05315750292958479
21414	0.09728591437005422	0.47770015984465863	0.4250139257852868
21415	0.334324905623086	0.5590059118694263	0.10666918250748793
21416	0.721262125646006	0.12806932054488945	0.15066855380910452
21417	0.42250718085673433	0.4589103022612674	0.11858251688199793
21418	0.17895779759838176	0.7717129069880031	0.04932929541361523
21419	0.17895779759838176	0.7717129069880031	0.04932929541361523
21420	0.733883081553611	0.13374836851573252	0.13236854993065636
21421	0.3212079987788641	0.5595961359955915	0.11919586522554414
21422	0.16706184790006046	0.7901659003649386	0.04277225173500087
21423	0.14463005901003056	0.8235518132574529	0.031818127732516424
21424	0.17895779759838176	0.7717129069880031	0.04932929541361523
21425	0.4371287789641764	0.16882673561361725	0.3940444854222061
21426	0.15954997131062001	0.787292525759795	0.05315750292958479
21427	0.15954997131062001	0.787292525759795	0.05315750292958479
21428	0.7549480866273383	0.10876013911636041	0.13629177425630148
21429	0.14531510527534844	0.7957174129312192	0.05896748179343249
21430	0.024472990531740076	0.06549743821024843	0.9100295712580118
21431	0.18208975250445625	0.10667040358591459	0.7112398439096291
21432	0.17895779759838176	0.7717129069880031	0.04932929541361523
21433	0.28608366356683196	0.13232826723149307	0.5815880692016752
21434	0.018706845214099783	0.1406023622101246	0.8406907925757755
21435	0.2199181134773698	0.72984492429828	0.050236962224349965
21436	0.2199181134773698	0.72984492429828	0.050236962224349965
21437	0.15954997131062001	0.787292525759795	0.05315750292958479
21438	0.3137577987544835	0.12189416126732067	0.5643480399781959
21439	0.23318586287742843	0.354884403605912	0.41192973351665946
21440	0.21755718348146066	0.700836321742784	0.08160649477575532
21441	0.387778471493862	0.2605866939093522	0.3516348345967856
21442	0.387778471493862	0.2605866939093522	0.3516348345967856
21443	0.047127678519265116	0.20640804060915816	0.7464642808715767
21444	0.3590956409328537	0.15840659096686543	0.48249776810028056
21445	0.6399331241731118	0.16968478100871232	0.1903820948181758
21446	0.15954997131062001	0.787292525759795	0.05315750292958479
21447	0.17895779759838176	0.7717129069880031	0.04932929541361523
21448	0.17895779759838176	0.7717129069880031	0.04932929541361523
21449	0.17895779759838176	0.7717129069880031	0.04932929541361523
21450	0.17895779759838176	0.7717129069880031	0.04932929541361523
21451	0.03765574405672122	0.13915841976829604	0.8231858361749823
21452	0.4735196889533644	0.17006177134888473	0.356418539697751
21453	0.4735196889533644	0.17006177134888473	0.356418539697751
21454	0.14233372446700385	0.8222007144637015	0.035465561069294334
21455	0.2199181134773698	0.72984492429828	0.050236962224349965
21456	0.07577527724015605	0.8075691440566259	0.11665557870321815
21457	0.5155701098226397	0.43281058839870745	0.05161930177865288
21458	0.024958302042194423	0.22603872839006064	0.7490029695677449
21459	0.10126023399400104	0.845993258163608	0.0527465078423911
21460	0.12071138121756009	0.8195240790852862	0.05976453969715393
21461	0.11307378076503626	0.7573738887030796	0.12955233053188417
21462	0.4941008714955092	0.4560172714448289	0.049881857059662076
21463	0.08636219698209169	0.8172302449678132	0.09640755805009513
21464	0.34321635854484706	0.1342598218341589	0.5225238196209939
21465	0.5153477338970787	0.1731184079738555	0.311533858129066
21466	0.20245880266317845	0.7053277349398759	0.09221346239694571
21467	0.06758357777280817	0.27177875554896197	0.6606376666782298
21468	0.16735686004745554	0.7917507341495132	0.04089240580303145
21469	0.2546845534011351	0.4096631775053676	0.33565226909349705
21470	0.11557914709007104	0.12189854644102394	0.7625223064689047
21471	0.4199317754743141	0.11626339273438073	0.46380483179130527
21472	0.14631690623480698	0.7814429658847748	0.07224012788041846
21473	0.016448516831850116	0.2444537234227974	0.7390977597453527
21474	0.0935171738425287	0.7719546149159262	0.13452821124154515
21475	0.15954997131062001	0.787292525759795	0.05315750292958479
21476	0.15954997131062001	0.787292525759795	0.05315750292958479
21477	0.02078808901952106	0.13986837287531606	0.8393435381051629
21478	0.3649686959738831	0.2546793282547862	0.3803519757713305
21479	0.03440810278337258	0.28659162980877906	0.6790002674078484
21480	0.15954997131062001	0.787292525759795	0.05315750292958479
21481	0.19953740642739287	0.7456692236506509	0.054793369921956034
21482	0.348867032787479	0.4437080537812977	0.20742491343122343
21483	0.6442478932128066	0.21005686475107008	0.14569524203612327
21484	0.1212484013225427	0.8284333009479309	0.050318297729526534
21485	0.12071138121756009	0.8195240790852862	0.05976453969715393
21486	0.013463152711437047	0.0726019997645248	0.9139348475240383
21487	0.10105910734140429	0.3865064395210921	0.5124344531375038
21488	0.19093418793702743	0.7252789684458231	0.08378684361714957
21489	0.1408100591423102	0.7983190225549273	0.06087091830276299
21490	0.18085999649230286	0.7579556651512269	0.061184338356470414
21491	0.17895779759838176	0.7717129069880031	0.04932929541361523
21492	0.17895779759838176	0.7717129069880031	0.04932929541361523
21493	0.19953740642739287	0.7456692236506509	0.054793369921956034
21494	0.6401644453344337	0.30597112433492707	0.05386443033063927
21495	0.09673451287286224	0.8087908994264658	0.09447458770067194
21496	0.17895779759838176	0.7717129069880031	0.04932929541361523
21497	0.23500851024610503	0.10166625052541188	0.663325239228483
21498	0.5393339705460831	0.4120525966273061	0.04861343282661093
21499	0.13190978624350222	0.8346240917201239	0.033466122036373815
21500	0.15171106703893186	0.8023571037426006	0.045931829218467675
21501	0.05162212433170911	0.43422361460537673	0.5141542610629138
21502	0.6152101176506669	0.22722474838328072	0.15756513396605226
21503	0.6152101176506669	0.22722474838328072	0.15756513396605226
21504	0.4031393141910816	0.524769104355538	0.07209158145338028
21505	0.160490584646175	0.8015852186710896	0.0379241966827355
21506	0.17895779759838176	0.7717129069880031	0.04932929541361523
21507	0.15954997131062001	0.787292525759795	0.05315750292958479
21508	0.17895779759838176	0.7717129069880031	0.04932929541361523
21509	0.4579025360278867	0.2785448730063138	0.26355259096579947
21510	0.018481845166560287	0.21667276979714595	0.764845385036294
21511	0.06706556556837594	0.7428745268295924	0.1900599076020319
21512	0.059189560617982966	0.10764732609913162	0.8331631132828854
21513	0.04249893044869524	0.22366402444984138	0.7338370451014633
21514	0.17895779759838176	0.7717129069880031	0.04932929541361523
21515	0.10314407607460967	0.6246784154070579	0.27217750851833256
21516	0.15954997131062001	0.787292525759795	0.05315750292958479
21517	0.6700436201308941	0.2734806635600704	0.05647571630903567
21518	0.013799199933230416	0.13746019120435748	0.8487406088624122
21519	0.3896996302015622	0.5621484278471695	0.04815194195126839
21520	0.11282529397890043	0.749236195052987	0.13793851096811285
21521	0.1930438745602927	0.1400582607247357	0.6668978647149713
21522	0.3300962879525152	0.17751514107549007	0.4923885709719947
21523	0.4941008714955092	0.4560172714448289	0.049881857059662076
21524	0.17895779759838176	0.7717129069880031	0.04932929541361523
21525	0.17895779759838176	0.7717129069880031	0.04932929541361523
21526	0.37952431378039814	0.36273516655420407	0.2577405196653976
21527	0.14531510527534844	0.7957174129312192	0.05896748179343249
21528	0.03440810278337258	0.28659162980877906	0.6790002674078484
21529	0.49597461112014546	0.27070016257874013	0.23332522630111455
21530	0.33367855086408277	0.17729956092689847	0.4890218882090189
21531	0.1113389821946643	0.8583923595639854	0.0302686582413502
21532	0.03431678810544187	0.22087147093273732	0.7448117409618209
21533	0.15954997131062001	0.787292525759795	0.05315750292958479
21534	0.14531510527534844	0.7957174129312192	0.05896748179343249
21535	0.1581374654651178	0.09395165702117975	0.7479108775137026
21536	0.1542351415765951	0.0939772000031165	0.7517876584202884
21537	0.14487760754273654	0.15020247260710126	0.7049199198501622
21538	0.14487760754273654	0.15020247260710126	0.7049199198501622
21539	0.7605422049604906	0.1345751817103498	0.10488261332915945
21540	0.11544020140196735	0.8555409900970072	0.029018808501025374
21541	0.13643059451399575	0.7598036839781022	0.10376572150790202
21542	0.040313880879631135	0.21946993336295714	0.7402161857574115
21543	0.14193427978790216	0.7075300883142119	0.1505356318978859
21544	0.3896996302015622	0.5621484278471695	0.04815194195126839
21545	0.1573623668790415	0.7780004573678178	0.06463717575314096
21546	0.10709103612756479	0.1282229297432051	0.76468603412923
21547	0.04153079118268993	0.13890314371561477	0.8195660651016953
21548	0.07684088571371889	0.8237958958479816	0.09936321843829957
21549	0.42261211724622894	0.09437536003031295	0.4830125227234581
21550	0.15954997131062001	0.787292525759795	0.05315750292958479
21551	0.07090452579446527	0.10429800613558025	0.8247974680699544
21552	0.7524272684328028	0.20357098371002014	0.044001747857176816
21553	0.10316001400429632	0.7870312254444086	0.10980876055129493
21554	0.0399622300179963	0.1369225004800858	0.8231152695019179
21555	0.01730480609557278	0.13927360569565547	0.8434215882087719
21556	0.10570909059848008	0.692720183727331	0.2015707256741891
21557	0.18717584239099563	0.12314783424232491	0.6896763233666794
21558	0.33012877810216695	0.17751539170886174	0.49235583018897133
21559	0.15919728653507775	0.12183793507331699	0.718964778391605
21560	0.1039431894556228	0.8601207845943084	0.035936025950068604
21561	0.17895779759838176	0.7717129069880031	0.04932929541361523
21562	0.1039431894556228	0.8601207845943084	0.035936025950068604
21563	0.17895779759838176	0.7717129069880031	0.04932929541361523
21564	0.13748878809769335	0.7908697337994691	0.07164147810283725
21565	0.15954997131062001	0.787292525759795	0.05315750292958479
21566	0.15954997131062001	0.787292525759795	0.05315750292958479
21567	0.15954997131062001	0.787292525759795	0.05315750292958479
21568	0.15954997131062001	0.787292525759795	0.05315750292958479
21569	0.24970097840300626	0.18394688083087293	0.5663521407661206
21570	0.33900854132887265	0.5320495226112303	0.1289419360598973
21571	0.17895779759838176	0.7717129069880031	0.04932929541361523
21572	0.17895779759838176	0.7717129069880031	0.04932929541361523
21573	0.0816005165188365	0.7544114955422503	0.16398798793891325
21574	0.048304849832420595	0.28261616776967124	0.6690789823979084
21575	0.08637236487861841	0.8188583642993125	0.0947692708220689
21576	0.11502798648263841	0.8511832442915916	0.03378876922577
21577	0.17895779759838176	0.7717129069880031	0.04932929541361523
21578	0.08764110433284499	0.13488856363403653	0.7774703320331184
21579	0.14531510527534844	0.7957174129312192	0.05896748179343249
21580	0.14531510527534844	0.7957174129312192	0.05896748179343249
21581	0.17895779759838176	0.7717129069880031	0.04932929541361523
21582	0.17895779759838176	0.7717129069880031	0.04932929541361523
21583	0.10237336537964313	0.798242370589092	0.09938426403126473
21584	0.668913340507823	0.28501961247340246	0.04606704701877474
21585	0.030153004009700016	0.13921338808444425	0.8306336079058557
21586	0.0007195778791169913	0.012943016116005245	0.9863374060048777
21587	0.07452526381635391	0.22100150999243948	0.7044732261912066
21588	0.1892019670218318	0.18346062316175082	0.6273374098164176
21589	0.17895779759838176	0.7717129069880031	0.04932929541361523
21590	0.17895779759838176	0.7717129069880031	0.04932929541361523
21591	0.03431678810544187	0.22087147093273732	0.7448117409618209
21592	0.4541872851988612	0.34144250723617586	0.20437020756496296
21593	0.15954997131062001	0.787292525759795	0.05315750292958479
21594	0.2575374401391745	0.6791133660789367	0.06334919378188891
21595	0.259124477763513	0.11219657518241309	0.6286789470540738
21596	0.15954997131062001	0.787292525759795	0.05315750292958479
21597	0.09673451287286224	0.8087908994264658	0.09447458770067194
21598	0.7580436512443454	0.10111499549615058	0.14084135325950406
21599	0.11502798648263841	0.8511832442915916	0.03378876922577
21600	0.17895779759838176	0.7717129069880031	0.04932929541361523
21601	0.030153004009700016	0.13921338808444425	0.8306336079058557
21602	0.15954997131062001	0.787292525759795	0.05315750292958479
21603	0.17895779759838176	0.7717129069880031	0.04932929541361523
21604	0.15739213562471618	0.8088134209341844	0.03379444344109939
21605	0.6911616854614953	0.21793514547619947	0.09090316906230546
21606	0.14531510527534844	0.7957174129312192	0.05896748179343249
21607	0.14531510527534844	0.7957174129312192	0.05896748179343249
21608	0.4060568768197684	0.1936154300217881	0.4003276931584437
21609	0.7642478963505058	0.12171434328164465	0.11403776036784964
21610	0.7071440379153198	0.2525076266687755	0.04034833541590472
21611	0.17895779759838176	0.7717129069880031	0.04932929541361523
21612	0.03765574405672122	0.13915841976829604	0.8231858361749823
21613	0.18085999649230286	0.7579556651512269	0.061184338356470414
21614	0.1306418372763737	0.7710528370673744	0.0983053256562518
21615	0.10914629853192977	0.11883428902883383	0.7720194124392362
21616	0.10914629853192977	0.11883428902883383	0.7720194124392362
21617	0.19633278278518443	0.4147833949579537	0.38888382225686174
21618	0.1294491775961976	0.7663450783491698	0.10420574405463244
21619	0.15954997131062001	0.787292525759795	0.05315750292958479
21620	0.4452857262412881	0.4943479927667411	0.060366280991970646
21621	0.4452857262412881	0.4943479927667411	0.060366280991970646
21622	0.13450389205373492	0.7983963838530986	0.06709972409316654
21623	0.7000668130299614	0.2523618325219111	0.047571354448127726
21624	0.11502798648263841	0.8511832442915916	0.03378876922577
21625	0.2149713498487738	0.7411036660362517	0.04392498411497443
21626	0.4941008714955092	0.4560172714448289	0.049881857059662076
21627	0.07690576942051698	0.13925564283939593	0.7838385877400874
21628	0.1288374010083551	0.7995066696079053	0.07165592938373952
21629	0.03142122200888216	0.22152729521140305	0.747051482779715
21630	0.07370377750605052	0.12031964948280434	0.8059765730111452
21631	0.13317086336773207	0.3951101763425932	0.47171896028967475
21632	0.015702350306257374	0.24931451869655546	0.7349831309971872
21633	0.04249893044869524	0.22366402444984138	0.7338370451014633
21634	0.17895779759838176	0.7717129069880031	0.04932929541361523
21635	0.14531510527534844	0.7957174129312192	0.05896748179343249
21636	0.11557914709007104	0.12189854644102394	0.7625223064689047
21637	0.11557914709007104	0.12189854644102394	0.7625223064689047
21638	0.47511526217148414	0.09973993636606777	0.4251448014624479
21639	0.24192953565437672	0.30603269872205335	0.45203776562356973
21640	0.2271116028457444	0.31351472273947634	0.4593736744147793
21641	0.15954997131062001	0.787292525759795	0.05315750292958479
21642	0.11140556005238691	0.8002791296507447	0.08831531029686834
21643	0.35403228589275976	0.595287666596759	0.050680047510481184
21644	0.35403228589275976	0.595287666596759	0.050680047510481184
21645	0.30942051652419283	0.5837883444674132	0.10679113900839367
21646	0.14531510527534844	0.7957174129312192	0.05896748179343249
21647	0.1288374010083551	0.7995066696079053	0.07165592938373952
21648	0.4941008714955092	0.4560172714448289	0.049881857059662076
21649	0.15954997131062001	0.787292525759795	0.05315750292958479
21650	0.22256365730437705	0.13440974552506188	0.6430265971705605
21651	0.3451132386633125	0.17857556164930233	0.4763111996873852
21652	0.10857362319839339	0.8150047538695707	0.07642162293203611
21653	0.14531510527534844	0.7957174129312192	0.05896748179343249
21654	0.14531510527534844	0.7957174129312192	0.05896748179343249
21655	0.17895779759838176	0.7717129069880031	0.04932929541361523
21656	0.17895779759838176	0.7717129069880031	0.04932929541361523
21657	0.0007195778791169913	0.012943016116005245	0.9863374060048777
21658	0.03431678810544187	0.22087147093273732	0.7448117409618209
21659	0.17895779759838176	0.7717129069880031	0.04932929541361523
21660	0.09673451287286224	0.8087908994264658	0.09447458770067194
21661	0.04249893044869524	0.22366402444984138	0.7338370451014633
21662	0.17895779759838176	0.7717129069880031	0.04932929541361523
21663	0.6700436201308941	0.2734806635600704	0.05647571630903567
21664	0.0860219922452162	0.8016745216646395	0.11230348609014427
21665	0.34834373335316	0.2908916920457007	0.3607645746011395
21666	0.12749484448479878	0.8445141286347733	0.027991026880428007
21667	0.03747456541887202	0.43350882339010716	0.5290166111910205
21668	0.4235666802884036	0.5092511869878763	0.06718213272372042
21669	0.17895779759838176	0.7717129069880031	0.04932929541361523
21670	0.17895779759838176	0.7717129069880031	0.04932929541361523
21671	0.13190978624350222	0.8346240917201239	0.033466122036373815
21672	0.15954997131062001	0.787292525759795	0.05315750292958479
21673	0.14531510527534844	0.7957174129312192	0.05896748179343249
21674	0.17895779759838176	0.7717129069880031	0.04932929541361523
21675	0.10857362319839339	0.8150047538695707	0.07642162293203611
21676	0.0860219922452162	0.8016745216646395	0.11230348609014427
21677	0.14531510527534844	0.7957174129312192	0.05896748179343249
21678	0.024687957600270906	0.1394704501399943	0.8358415922597349
21679	0.08312201591855567	0.7539806884842922	0.1628972955971521
21680	0.3498295769688476	0.3179259362699881	0.33224448676116436
21681	0.15954997131062001	0.787292525759795	0.05315750292958479
21682	0.03440810278337258	0.28659162980877906	0.6790002674078484
21683	0.15954997131062001	0.787292525759795	0.05315750292958479
21684	0.707833644559848	0.23456194618010293	0.05760440926004919
21685	0.299253794481206	0.6546853963233866	0.046060809195407545
21686	0.3010045033242533	0.33592225882951504	0.36307323784623174
21687	0.3010045033242533	0.33592225882951504	0.36307323784623174
21688	0.1863321867890925	0.1407095022383982	0.6729583109725096
21689	0.31954765771524585	0.17929638928899413	0.50115595299576
21690	0.17799904367522354	0.7845561671356216	0.03744478918915479
21691	0.14531510527534844	0.7957174129312192	0.05896748179343249
21692	0.09439424725285202	0.8034922458540901	0.10211350689305802
21693	0.03699469625853587	0.10784618166258807	0.8551591220788761
21694	0.34584484642147906	0.4938054475905128	0.16034970598800824
21695	0.6464282269913622	0.2856977277285037	0.06787404528013422
21696	0.17882268863601292	0.788670659569996	0.032506651793990746
21697	0.2199181134773698	0.72984492429828	0.050236962224349965
21698	0.1263306327042989	0.7958072190198385	0.07786214827586271
21699	0.1263306327042989	0.7958072190198385	0.07786214827586271
21700	0.7000668130299614	0.2523618325219111	0.047571354448127726
21701	0.3265490936606265	0.6274257678573225	0.046025138482050955
21702	0.14531510527534844	0.7957174129312192	0.05896748179343249
21703	0.15954997131062001	0.787292525759795	0.05315750292958479
21704	0.17895779759838176	0.7717129069880031	0.04932929541361523
21705	0.4465505479974539	0.1403467063220619	0.4131027456804842
21706	0.6440852710254186	0.16424449092004134	0.1916702380545398
21707	0.2199181134773698	0.72984492429828	0.050236962224349965
21708	0.040523469945047894	0.355698010170864	0.6037785198840881
21709	0.040523469945047894	0.355698010170864	0.6037785198840881
21710	0.03727588504945681	0.2107787040874904	0.7519454108630528
21711	0.17895779759838176	0.7717129069880031	0.04932929541361523
21712	0.2199181134773698	0.72984492429828	0.050236962224349965
21713	0.707833644559848	0.23456194618010293	0.05760440926004919
21714	0.14531510527534844	0.7957174129312192	0.05896748179343249
21715	0.313798522118533	0.5972655939745378	0.08893588390692905
21716	0.46125547185919036	0.171930124685936	0.36681440345487365
21717	0.12646767691914343	0.7871512385939679	0.08638108448688844
21718	0.6503106598527197	0.26538045003456245	0.08430889011271778
21719	0.09244220930841425	0.09937151800663044	0.808186272684955
21720	0.13100812504977558	0.7896075618543571	0.07938431309586726
21721	0.13100812504977558	0.7896075618543571	0.07938431309586726
21722	0.17895779759838176	0.7717129069880031	0.04932929541361523
21723	0.17895779759838176	0.7717129069880031	0.04932929541361523
21724	0.17895779759838176	0.7717129069880031	0.04932929541361523
21725	0.04153079118268993	0.13890314371561477	0.8195660651016953
21726	0.2199181134773698	0.72984492429828	0.050236962224349965
21727	0.17895779759838176	0.7717129069880031	0.04932929541361523
21728	0.29028036724634154	0.37706140824498313	0.3326582245086753
21729	0.09545938550901287	0.8119947993026696	0.0925458151883177
21730	0.04097183787609655	0.28264017497959604	0.6763879871443071
21731	0.17895779759838176	0.7717129069880031	0.04932929541361523
21732	0.33550954766041224	0.29919774511756686	0.36529270722202106
21733	0.3567302827326965	0.26400052762089976	0.37926918964640355
21734	0.15954997131062001	0.787292525759795	0.05315750292958479
21735	0.6700436201308941	0.2734806635600704	0.05647571630903567
21736	0.03357308162115509	0.138687568702435	0.8277393496764098
21737	0.05864636906021551	0.11062155246129599	0.8307320784784882
21738	0.1039431894556228	0.8601207845943084	0.035936025950068604
21739	0.17895779759838176	0.7717129069880031	0.04932929541361523
21740	0.17895779759838176	0.7717129069880031	0.04932929541361523
21741	0.18612644300484635	0.09658728624372828	0.7172862707514251
21742	0.5828461380579062	0.18275693957398534	0.23439692236810863
21743	0.44556626913508274	0.1905697591374581	0.36386397172745877
21744	0.07641730256938614	0.11518466617714229	0.8083980312534714
21745	0.17895779759838176	0.7717129069880031	0.04932929541361523
21746	0.17895779759838176	0.7717129069880031	0.04932929541361523
21747	0.7767256817205763	0.11133939278866703	0.11193492549075659
21748	0.04097183787609655	0.28264017497959604	0.6763879871443071
21749	0.17895779759838176	0.7717129069880031	0.04932929541361523
21750	0.14531510527534844	0.7957174129312192	0.05896748179343249
21751	0.15954997131062001	0.787292525759795	0.05315750292958479
21752	0.11213169623418377	0.8217510527935797	0.06611725097223646
21753	0.18085999649230286	0.7579556651512269	0.061184338356470414
21754	0.4941008714955092	0.4560172714448289	0.049881857059662076
21755	0.07109442463961609	0.8190667351623335	0.10983884019805028
21756	0.16469707901326475	0.7935401682011003	0.041762752785635016
21757	0.2401363535516135	0.7038655698333429	0.05599807661504364
21758	0.17777883743249032	0.7797148481732175	0.04250631439429232
21759	0.07210882006466408	0.8272895317515759	0.10060164818376005
21760	0.16284958169472732	0.7658189879769565	0.07133143032831613
21761	0.10958908408203284	0.8441506768342093	0.04626023908375791
21762	0.11265939647225508	0.7807662445314053	0.10657435899633964
21763	0.43143834272046144	0.133028511112114	0.4355331461674248
21764	0.6442478932128066	0.21005686475107008	0.14569524203612327
21765	0.12652805430262967	0.8089244418365956	0.06454750386077496
21766	0.7778505794634795	0.172270735593097	0.049878684943423464
21767	0.17895779759838176	0.7717129069880031	0.04932929541361523
21768	0.6116299361150033	0.12639878624635592	0.2619712776386407
21769	0.7738583357343903	0.10412254357526142	0.12201912069034834
21770	0.14531510527534844	0.7957174129312192	0.05896748179343249
21771	0.23613956137041253	0.10162649703518174	0.6622339415944059
21772	0.03440810278337258	0.28659162980877906	0.6790002674078484
21773	0.1365934639262277	0.8013761140229878	0.0620304220507844
21774	0.15397206007362987	0.7669486780215543	0.07907926190481576
21775	0.16559938739893218	0.7553773975682048	0.07902321503286303
21776	0.03685021859963798	0.09810788450726282	0.8650418968930994
21777	0.15954997131062001	0.787292525759795	0.05315750292958479
21778	0.2986187954329528	0.1222378038173239	0.5791434007497233
21779	0.28259948215181335	0.1139508728145084	0.6034496450336782
21780	0.17895779759838176	0.7717129069880031	0.04932929541361523
21781	0.08355328916091039	0.2142407384627811	0.7022059723763083
21782	0.14531510527534844	0.7957174129312192	0.05896748179343249
21783	0.13190978624350222	0.8346240917201239	0.033466122036373815
21784	0.15954997131062001	0.787292525759795	0.05315750292958479
21785	0.2191628491779625	0.742340498303712	0.0384966525183255
21786	0.2191628491779625	0.742340498303712	0.0384966525183255
21787	0.12738898449057715	0.8106593033410787	0.06195171216834411
21788	0.32290471403391485	0.2559508304026872	0.4211444555633981
21789	0.07173663657149602	0.28277814723869965	0.6454852161898041
21790	0.21242697353773443	0.14986354662791465	0.6377094798343509
21791	0.06984742393887759	0.8422054737142818	0.0879471023468408
21792	0.06984742393887759	0.8422054737142818	0.0879471023468408
21793	0.1039431894556228	0.8601207845943084	0.035936025950068604
21794	0.15954997131062001	0.787292525759795	0.05315750292958479
21795	0.4941008714955092	0.4560172714448289	0.049881857059662076
21796	0.23274324800392812	0.14879967362090415	0.6184570783751674
21797	0.6700436201308941	0.2734806635600704	0.05647571630903567
21798	0.7865820374552174	0.15427293315277313	0.05914502939200943
21799	0.06266272964956564	0.37832267849032486	0.5590145918601093
21800	0.10565119797919491	0.4339145383590687	0.4604342636617366
21801	0.7361470723218198	0.19900740287398658	0.06484552480419391
21802	0.17895779759838176	0.7717129069880031	0.04932929541361523
21803	0.17895779759838176	0.7717129069880031	0.04932929541361523
21804	0.17895779759838176	0.7717129069880031	0.04932929541361523
21805	0.184598335660183	0.1539725925793265	0.6614290717604904
21806	0.09355301639941876	0.8671538970412744	0.03929308655930687
21807	0.3347746737104684	0.17723236275757298	0.4879929635319586
21808	0.3347746737104684	0.17723236275757298	0.4879929635319586
21809	0.17895779759838176	0.7717129069880031	0.04932929541361523
21810	0.17895779759838176	0.7717129069880031	0.04932929541361523
21811	0.0807603245443996	0.09882845098110686	0.8204112244744934
21812	0.34732948949345704	0.1692079317661347	0.48346257874040816
21813	0.2355542032700446	0.17648283164248402	0.5879629650874714
21814	0.15954997131062001	0.787292525759795	0.05315750292958479
21815	0.04097183787609655	0.28264017497959604	0.6763879871443071
21816	0.17895779759838176	0.7717129069880031	0.04932929541361523
21817	0.17895779759838176	0.7717129069880031	0.04932929541361523
21818	0.09873087597551405	0.12870316562010148	0.7725659584043845
21819	0.09873087597551405	0.12870316562010148	0.7725659584043845
21820	0.06585340244045738	0.8480717423235434	0.08607485523599957
21821	0.0935171738425287	0.7719546149159262	0.13452821124154515
21822	0.15954997131062001	0.787292525759795	0.05315750292958479
21823	0.06820741353720801	0.6937989644160092	0.2379936220467826
21824	0.2199181134773698	0.72984492429828	0.050236962224349965
21825	0.17895779759838176	0.7717129069880031	0.04932929541361523
21826	0.10292635323395498	0.8152442628942559	0.08182938387178929
21827	0.0969014787524305	0.7930776277575096	0.11002089349005977
21828	0.21659632678673332	0.6611304103440319	0.12227326286923516
21829	0.11556259648349607	0.8016724253965385	0.08276497811996575
21830	0.17895779759838176	0.7717129069880031	0.04932929541361523
21831	0.17869728331961612	0.4060302645076254	0.4152724521727582
21832	0.16761838338952031	0.7895211983973299	0.042860418213149544
21833	0.4941008714955092	0.4560172714448289	0.049881857059662076
21834	0.11686790117965086	0.7747415551716699	0.10839054364867952
21835	0.17895779759838176	0.7717129069880031	0.04932929541361523
21836	0.16761838338952031	0.7895211983973299	0.042860418213149544
21837	0.1930625902506226	0.1400596362824575	0.66687777346692
21838	0.33012378048527974	0.177515696078163	0.4923605234365569
21839	0.030153004009700016	0.13921338808444425	0.8306336079058557
21840	0.42414168798126084	0.183012270274145	0.39284604174459403
21841	0.10997524521070731	0.8335478648946868	0.05647688989460598
21842	0.12738898449057715	0.8106593033410787	0.06195171216834411
21843	0.12738898449057715	0.8106593033410787	0.06195171216834411
21844	0.1039431894556228	0.8601207845943084	0.035936025950068604
21845	0.17895779759838176	0.7717129069880031	0.04932929541361523
21846	0.26237989422423713	0.09792511384025462	0.6396949919355084
21847	0.13643059451399575	0.7598036839781022	0.10376572150790202
21848	0.15954997131062001	0.787292525759795	0.05315750292958479
21849	0.2406460509765519	0.09900430017907409	0.6603496488443742
21850	0.13312469718296485	0.8284988315325746	0.03837647128446051
21851	0.09627180252585557	0.35807099935965514	0.5456571981144891
21852	0.09134674168065338	0.5527013272170469	0.3559519311022995
21853	0.3210745425200474	0.17920321596861527	0.4997222415113373
21854	0.1861985678493571	0.7661253645459414	0.047676067604701576
21855	0.2199181134773698	0.72984492429828	0.050236962224349965
21856	0.2199181134773698	0.72984492429828	0.050236962224349965
21857	0.037601670469986984	0.10624132927258019	0.8561570002574328
21858	0.17895779759838176	0.7717129069880031	0.04932929541361523
21859	0.17895779759838176	0.7717129069880031	0.04932929541361523
21860	0.04097183787609655	0.28264017497959604	0.6763879871443071
21861	0.17895779759838176	0.7717129069880031	0.04932929541361523
21862	0.05162212433170911	0.43422361460537673	0.5141542610629138
21863	0.17895779759838176	0.7717129069880031	0.04932929541361523
21864	0.0445083786614747	0.43499417303273397	0.5204974483057914
21865	0.37472231701369046	0.1645507642973828	0.46072691868892685
21866	0.6464282269913622	0.2856977277285037	0.06787404528013422
21867	0.17895779759838176	0.7717129069880031	0.04932929541361523
21868	0.12837831044626444	0.8001173232837022	0.07150436627003307
21869	0.09649324668589	0.8042470448024029	0.0992597085117073
21870	0.14902761811014856	0.8180485661081169	0.03292381578173452
21871	0.3257662226376645	0.1738907902817112	0.5003429870806243
21872	0.06690954563127947	0.8858506019711408	0.04723985239757977
21873	0.09981571795069465	0.8283875871307835	0.07179669491852214
21874	0.21999472268507014	0.10690810909184899	0.673097168223081
21875	0.20931679888767396	0.10293774193679882	0.6877454591755271
21876	0.35224241574408527	0.595386187443488	0.052371396812426606
21877	0.22791112150922016	0.09948826135922413	0.6726006171315558
21878	0.23290803519840017	0.10085805466553158	0.6662339101360684
21879	0.024687957600270906	0.1394704501399943	0.8358415922597349
21880	0.39125367233033514	0.5293093806713809	0.07943694699828388
21881	0.15954997131062001	0.787292525759795	0.05315750292958479
21882	0.15954997131062001	0.787292525759795	0.05315750292958479
21883	0.14531510527534844	0.7957174129312192	0.05896748179343249
21884	0.09545938550901287	0.8119947993026696	0.0925458151883177
21885	0.20732061701637047	0.10484352497269465	0.6878358580109349
21886	0.05212754802787784	0.07539588139724691	0.8724765705748754
21887	0.09545938550901287	0.8119947993026696	0.0925458151883177
21888	0.1235956501259931	0.8224551087355261	0.05394924113848098
21889	0.24023896000088382	0.4305172391097814	0.3292438008893344
21890	0.08739604313177078	0.09635774003403624	0.8162462168341931
21891	0.23385830443168382	0.2773036012747801	0.48883809429353603
21892	0.33491336281493395	0.6180097515744859	0.047076885610580245
21893	0.14246210912410956	0.8131254525239057	0.0444124383519848
21894	0.1427536553889251	0.8030797888651209	0.05416655574595438
21895	0.11686790117965086	0.7747415551716699	0.10839054364867952
21896	0.08602880721303453	0.36225865093812376	0.5517125418488417
21897	0.30841645656754474	0.180329840778908	0.511253702653547
21898	0.043325636734186566	0.2277917758166826	0.7288825874491311
21899	0.6700436201308941	0.2734806635600704	0.05647571630903567
21900	0.17895779759838176	0.7717129069880031	0.04932929541361523
21901	0.09143620646436504	0.2742680030614331	0.6342957904742021
21902	0.022452817033045906	0.3233436397356461	0.6542035432313079
21903	0.1263306327042989	0.7958072190198385	0.07786214827586271
21904	0.09494800758595937	0.8453259455260556	0.05972604688798528
21905	0.12044155362548836	0.8054085993050122	0.07414984706949924
21906	0.14531510527534844	0.7957174129312192	0.05896748179343249
21907	0.17895779759838176	0.7717129069880031	0.04932929541361523
21908	0.17895779759838176	0.7717129069880031	0.04932929541361523
21909	0.31074424031650283	0.17667022584756203	0.5125855338359346
21910	0.17895779759838176	0.7717129069880031	0.04932929541361523
21911	0.17895779759838176	0.7717129069880031	0.04932929541361523
21912	0.6700436201308941	0.2734806635600704	0.05647571630903567
21913	0.45830428828230263	0.415151086229685	0.1265446254880124
21914	0.33942877690378237	0.4219075613387678	0.23866366175744977
21915	0.3617533476039256	0.41226734637449364	0.22597930602158073
21916	0.014386226233481254	0.08131118809396537	0.9043025856725531
21917	0.13561274076009447	0.8264132871739217	0.037973972065983484
21918	0.058760745882196666	0.10991122129195671	0.8313280328258463
21919	0.03431678810544187	0.22087147093273732	0.7448117409618209
21920	0.2199181134773698	0.72984492429828	0.050236962224349965
21921	0.2199181134773698	0.72984492429828	0.050236962224349965
21922	0.25828581883165064	0.11116625376014977	0.6305479274081996
21923	0.1981537882089052	0.16459757680624765	0.6372486349848469
21924	0.14531510527534844	0.7957174129312192	0.05896748179343249
21925	0.6389294250719081	0.20471591900093652	0.15635465592715514
21926	0.255135576253441	0.2757281402561885	0.4691362834903702
21927	0.15092993998338117	0.812123038098345	0.03694702191827407
21928	0.35289549483361643	0.6200589260308685	0.02704557913551506
21929	0.18085999649230286	0.7579556651512269	0.061184338356470414
21930	0.13769201528066702	0.811652252291536	0.05065573242779706
21931	0.17895779759838176	0.7717129069880031	0.04932929541361523
21932	0.2199181134773698	0.72984492429828	0.050236962224349965
21933	0.2199181134773698	0.72984492429828	0.050236962224349965
21934	0.0835498910360519	0.12270225755202106	0.7937478514119273
21935	0.0835498910360519	0.12270225755202106	0.7937478514119273
21936	0.27355985017766266	0.13089532402782222	0.5955448257945148
21937	0.3150895571775281	0.19020356859951865	0.49470687422295306
21938	0.2858258409094414	0.5918475810815877	0.12232657800897062
21939	0.17895779759838176	0.7717129069880031	0.04932929541361523
21940	0.17895779759838176	0.7717129069880031	0.04932929541361523
21941	0.12287787752024003	0.840702063009689	0.036420059470070945
21942	0.2401363535516135	0.7038655698333429	0.05599807661504364
21943	0.707833644559848	0.23456194618010293	0.05760440926004919
21944	0.05162212433170911	0.43422361460537673	0.5141542610629138
21945	0.05439534300770649	0.6487433657120772	0.2968612912802165
21946	0.09877275752596124	0.801197233003383	0.1000300094706559
21947	0.02100398043261932	0.208684882206288	0.7703111373610927
21948	0.1263306327042989	0.7958072190198385	0.07786214827586271
21949	0.15954997131062001	0.787292525759795	0.05315750292958479
21950	0.10390684423390806	0.7828181414796066	0.11327501428648501
21951	0.10390684423390806	0.7828181414796066	0.11327501428648501
21952	0.17895779759838176	0.7717129069880031	0.04932929541361523
21953	0.17895779759838176	0.7717129069880031	0.04932929541361523
21954	0.09968171379040765	0.09526254962377101	0.8050557365858215
21955	0.2199181134773698	0.72984492429828	0.050236962224349965
21956	0.2199181134773698	0.72984492429828	0.050236962224349965
21957	0.44501342424739765	0.3086150435423572	0.24637153221024502
21958	0.12177773617648228	0.8115264106562979	0.06669585316722015
21959	0.32974688887004633	0.17750794065765366	0.4927451704723001
21960	0.3301079387582568	0.17751537643922238	0.49237668480252095
21961	0.3301079387582568	0.17751537643922238	0.49237668480252095
21962	0.15954997131062001	0.787292525759795	0.05315750292958479
21963	0.1395620691735493	0.8063072669122684	0.054130663914182434
21964	0.1664651466519763	0.7733877471582289	0.060147106189794824
21965	0.17895779759838176	0.7717129069880031	0.04932929541361523
21966	0.15954997131062001	0.787292525759795	0.05315750292958479
21967	0.13769201528066702	0.811652252291536	0.05065573242779706
21968	0.42285029857224166	0.3581514261724559	0.2189982752553024
21969	0.03431678810544187	0.22087147093273732	0.7448117409618209
21970	0.17895779759838176	0.7717129069880031	0.04932929541361523
21971	0.17895779759838176	0.7717129069880031	0.04932929541361523
21972	0.15954997131062001	0.787292525759795	0.05315750292958479
21973	0.15954997131062001	0.787292525759795	0.05315750292958479
21974	0.17895779759838176	0.7717129069880031	0.04932929541361523
21975	0.17895779759838176	0.7717129069880031	0.04932929541361523
21976	0.13962799431053508	0.7661542603528478	0.09421774533661716
21977	0.6811116467975387	0.26225850155231695	0.0566298516501448
21978	0.2972664846430417	0.46667315711059826	0.2360603582463597
21979	0.6986977367475883	0.15099999301299877	0.15030227023941306
21980	0.017962822779864947	0.328909376755633	0.653127800464502
21981	0.15954997131062001	0.787292525759795	0.05315750292958479
21982	0.04249893044869524	0.22366402444984138	0.7338370451014633
21983	0.11002743113148032	0.8474444338790427	0.04252813498947697
21984	0.15954997131062001	0.787292525759795	0.05315750292958479
21985	0.7000668130299614	0.2523618325219111	0.047571354448127726
21986	0.17895779759838176	0.7717129069880031	0.04932929541361523
21987	0.17895779759838176	0.7717129069880031	0.04932929541361523
21988	0.03440810278337258	0.28659162980877906	0.6790002674078484
21989	0.17895779759838176	0.7717129069880031	0.04932929541361523
21990	0.14531510527534844	0.7957174129312192	0.05896748179343249
21991	0.02281971696960935	0.06429289325459923	0.9128873897757914
21992	0.12154271002199991	0.8279952842331222	0.05046200574487785
21993	0.27651759282556765	0.260178804004112	0.4633036031703202
21994	0.20063252693660782	0.27057913830291136	0.528788334760481
21995	0.17895779759838176	0.7717129069880031	0.04932929541361523
21996	0.11213169623418377	0.8217510527935797	0.06611725097223646
21997	0.19953740642739287	0.7456692236506509	0.054793369921956034
21998	0.160490584646175	0.8015852186710896	0.0379241966827355
21999	0.1039431894556228	0.8601207845943084	0.035936025950068604
22000	0.17895779759838176	0.7717129069880031	0.04932929541361523
22001	0.17895779759838176	0.7717129069880031	0.04932929541361523
22002	0.08243765718733041	0.8232801795812992	0.0942821632313705
22003	0.04570304792518305	0.21380131226228655	0.7404956398125303
22004	0.6811116467975387	0.26225850155231695	0.0566298516501448
22005	0.03440810278337258	0.28659162980877906	0.6790002674078484
22006	0.15954997131062001	0.787292525759795	0.05315750292958479
22007	0.6065933696841517	0.22415197060497954	0.16925465971086906
22008	0.33736690085872184	0.1405776107399965	0.5220554884012818
22009	0.5171243591006837	0.4235921646988041	0.05928347620051255
22010	0.2205573959553467	0.12872383802751358	0.6507187660171401
22011	0.17808539183173558	0.6562452939938366	0.16566931417442754
22012	0.10424013399885994	0.8295663056107232	0.06619356039041681
22013	0.1039431894556228	0.8601207845943084	0.035936025950068604
22014	0.035659465310259236	0.446283191508921	0.51805734318082
22015	0.2709532886133368	0.11250402574837301	0.6165426856382902
22016	0.07910574357099409	0.7306105669509603	0.19028368947804566
22017	0.05260347731762731	0.8211718757290398	0.12622464695333288
22018	0.03765574405672122	0.13915841976829604	0.8231858361749823
22019	0.17895779759838176	0.7717129069880031	0.04932929541361523
22020	0.7891250030702099	0.08952290028748495	0.12135209664230494
22021	0.12805963187045216	0.8125741450399769	0.059366223089571
22022	0.1039431894556228	0.8601207845943084	0.035936025950068604
22023	0.12695763818742922	0.8373851573367832	0.03565720447578744
22024	0.7605422049604906	0.1345751817103498	0.10488261332915945
22025	0.4941008714955092	0.4560172714448289	0.049881857059662076
22026	0.015611977790041646	0.18627215752471324	0.7981158646852451
22027	0.11282529397890043	0.749236195052987	0.13793851096811285
22028	0.7000668130299614	0.2523618325219111	0.047571354448127726
22029	0.15667842279910452	0.7721682289153695	0.0711533482855261
22030	0.17895779759838176	0.7717129069880031	0.04932929541361523
22031	0.03745756699362953	0.1353903931509569	0.8271520398554135
22032	0.08165906245662113	0.13753670522824074	0.7808042323151384
22033	0.5531446141195822	0.39597002810658244	0.0508853577738357
22034	0.18085999649230286	0.7579556651512269	0.061184338356470414
22035	0.18085999649230286	0.7579556651512269	0.061184338356470414
22036	0.11556259648349607	0.8016724253965385	0.08276497811996575
22037	0.19953740642739287	0.7456692236506509	0.054793369921956034
22038	0.11556259648349607	0.8016724253965385	0.08276497811996575
22039	0.15954997131062001	0.787292525759795	0.05315750292958479
22040	0.6130729660155263	0.21989972248889145	0.16702731149558198
22041	0.4383309923618385	0.1822312751521453	0.37943773248601625
22042	0.11686790117965086	0.7747415551716699	0.10839054364867952
22043	0.17895779759838176	0.7717129069880031	0.04932929541361523
22044	0.2199181134773698	0.72984492429828	0.050236962224349965
22045	0.3745435619058692	0.4262469888231014	0.1992094492710295
22046	0.0935171738425287	0.7719546149159262	0.13452821124154515
22047	0.12646767691914343	0.7871512385939679	0.08638108448688844
22048	0.14742209913366408	0.7493509200001448	0.1032269808661909
22049	0.10173321276959424	0.759102873649714	0.13916391358069188
22050	0.15954997131062001	0.787292525759795	0.05315750292958479
22051	0.324137629228205	0.1790139254453447	0.4968484453264501
22052	0.14531510527534844	0.7957174129312192	0.05896748179343249
22053	0.17888482295028874	0.7857039817358279	0.035411195313883426
22054	0.1391546964738225	0.3203293255810265	0.5405159779451505
22055	0.4197803191370327	0.5056665669658632	0.07455311389710412
22056	0.22956663509490047	0.5996519950920026	0.17078136981309702
22057	0.018245591703626537	0.13385565791190482	0.8478987503844686
22058	0.15954997131062001	0.787292525759795	0.05315750292958479
22059	0.04153079118268993	0.13890314371561477	0.8195660651016953
22060	0.4512092695198287	0.13566190977630577	0.41312882070386564
22061	0.04097183787609655	0.28264017497959604	0.6763879871443071
22062	0.3225342637509143	0.38883770375762844	0.28862803249145735
22063	0.135739124320874	0.26983930118390415	0.5944215744952216
22064	0.15960640046832944	0.7737641214471779	0.06662947808449286
22065	0.03431678810544187	0.22087147093273732	0.7448117409618209
22066	0.25628172167220153	0.480056086049529	0.2636621922782694
22067	0.14531510527534844	0.7957174129312192	0.05896748179343249
22068	0.15954997131062001	0.787292525759795	0.05315750292958479
22069	0.15954997131062001	0.787292525759795	0.05315750292958479
22070	0.01894304047962094	0.03943057154666494	0.941626387973714
22071	0.2456820098375624	0.09837084975886153	0.6559471404035763
22072	0.2456820098375624	0.09837084975886153	0.6559471404035763
22073	0.061029734657147346	0.42962436388612607	0.5093459014567269
22074	0.2199181134773698	0.72984492429828	0.050236962224349965
22075	0.10508616789368333	0.07816103094944542	0.8167528011568711
22076	0.1831534265807289	0.1233760650324848	0.693470508386786
22077	0.10424013399885994	0.8295663056107232	0.06619356039041681
22078	0.0595646735144681	0.09711488395975053	0.8433204425257813
22079	0.04342706026261922	0.30211847982104295	0.654454459916338
22080	0.1546930060434359	0.7035574593774445	0.14174953457911976
22081	0.6811116467975387	0.26225850155231695	0.0566298516501448
22082	0.14069223125192545	0.18389538018251392	0.6754123885655606
22083	0.45595162976972553	0.3803765467573783	0.1636718234728959
22084	0.17895779759838176	0.7717129069880031	0.04932929541361523
22085	0.17895779759838176	0.7717129069880031	0.04932929541361523
22086	0.7738056869863953	0.10415267603604299	0.12204163697756182
22087	0.49333328698654566	0.440165151857172	0.06650156115628215
22088	0.031220849220133615	0.031145463865649054	0.9376336869142173
22089	0.2199181134773698	0.72984492429828	0.050236962224349965
22090	0.2199181134773698	0.72984492429828	0.050236962224349965
22091	0.08598439579892164	0.8492607796739445	0.0647548245271338
22092	0.6811116467975387	0.26225850155231695	0.0566298516501448
22093	0.15954997131062001	0.787292525759795	0.05315750292958479
22094	0.17895779759838176	0.7717129069880031	0.04932929541361523
22095	0.13190978624350222	0.8346240917201239	0.033466122036373815
22096	0.15954997131062001	0.787292525759795	0.05315750292958479
22097	0.5190032818648647	0.12118633239196495	0.3598103857431707
22098	0.5190032818648647	0.12118633239196495	0.3598103857431707
22099	0.13190978624350222	0.8346240917201239	0.033466122036373815
22100	0.07555993539575241	0.7559315683225762	0.1685084962816712
22101	0.06722567818757752	0.5504330023226578	0.38234131948976485
22102	0.13748878809769335	0.7908697337994691	0.07164147810283725
22103	0.12044155362548836	0.8054085993050122	0.07414984706949924
22104	0.4941008714955092	0.4560172714448289	0.049881857059662076
22105	0.1039431894556228	0.8601207845943084	0.035936025950068604
22106	0.14551866822032208	0.11943488908356702	0.7350464426961111
22107	0.13852732274792476	0.25853869011794944	0.602933987134126
22108	0.6473705306852394	0.1728114313121984	0.17981803800256219
22109	0.16027527740039788	0.1589257110749476	0.6807990115246544
22110	0.20187939669711744	0.7018507818626281	0.09626982144025449
22111	0.2387194656220604	0.7180004449770662	0.04328008940087333
22112	0.30311732392368596	0.6021964299271455	0.09468624614916828
22113	0.15954997131062001	0.787292525759795	0.05315750292958479
22114	0.1113389821946643	0.8583923595639854	0.0302686582413502
22115	0.053295700319544566	0.29262788562656966	0.6540764140538857
22116	0.06375549062872053	0.5523403499212431	0.38390415945003653
22117	0.12652805430262967	0.8089244418365956	0.06454750386077496
22118	0.07551369976210773	0.8269311880715818	0.09755511216631027
22119	0.17895779759838176	0.7717129069880031	0.04932929541361523
22120	0.12805963187045216	0.8125741450399769	0.059366223089571
22121	0.7346642072054431	0.18383185863440255	0.08150393416015426
22122	0.2878921677620506	0.6649261620243654	0.04718167021358391
22123	0.056450520779512625	0.10904270388301171	0.834506775337476
22124	0.15954997131062001	0.787292525759795	0.05315750292958479
22125	0.15954997131062001	0.787292525759795	0.05315750292958479
22126	0.15954997131062001	0.787292525759795	0.05315750292958479
22127	0.09355301639941876	0.8671538970412744	0.03929308655930687
22128	0.003988893719464717	0.014517350750906467	0.9814937555296287
22129	0.04634250726063639	0.1313025102953572	0.8223549824440064
22130	0.12376247837330974	0.8007863759395871	0.0754511456871029
22131	0.12376247837330974	0.8007863759395871	0.0754511456871029
22132	0.05479730847808392	0.18389093633128276	0.7613117551906329
22133	0.19953740642739287	0.7456692236506509	0.054793369921956034
22134	0.10317356656337465	0.6865221166476333	0.21030431678899214
22135	0.0969014787524305	0.7930776277575096	0.11002089349005977
22136	0.26852181617710125	0.672593192313574	0.05888499150932462
22137	0.12646767691914343	0.7871512385939679	0.08638108448688844
22138	0.5170777446132042	0.0952981951150592	0.3876240602717365
22139	0.05162212433170911	0.43422361460537673	0.5141542610629138
22140	0.17895779759838176	0.7717129069880031	0.04932929541361523
22141	0.11502798648263841	0.8511832442915916	0.03378876922577
22142	0.17895779759838176	0.7717129069880031	0.04932929541361523
22143	0.030153004009700016	0.13921338808444425	0.8306336079058557
22144	0.030153004009700016	0.13921338808444425	0.8306336079058557
22145	0.15954997131062001	0.787292525759795	0.05315750292958479
22146	0.8047988647100589	0.14951012971992234	0.04569100557001891
22147	0.19254447531824265	0.7720607731350568	0.0353947515467004
22148	0.0996037218003532	0.7906764071671758	0.10971987103247115
22149	0.0996037218003532	0.7906764071671758	0.10971987103247115
22150	0.15954997131062001	0.787292525759795	0.05315750292958479
22151	0.6161187309780547	0.13798199509246367	0.24589927392948166
22152	0.057122360975003166	0.49691369628622145	0.4459639427387753
22153	0.1445260862874227	0.5599134062161235	0.29556050749645363
22154	0.0983993903921997	0.8284874010946357	0.0731132085131647
22155	0.13450389205373492	0.7983963838530986	0.06709972409316654
22156	0.35403228589275976	0.595287666596759	0.050680047510481184
22157	0.11502798648263841	0.8511832442915916	0.03378876922577
22158	0.17895779759838176	0.7717129069880031	0.04932929541361523
22159	0.143042236477893	0.7488308071150767	0.1081269564070301
22160	0.09931295137008941	0.8092042638231391	0.09148278480677155
22161	0.04153079118268993	0.13890314371561477	0.8195660651016953
22162	0.2199181134773698	0.72984492429828	0.050236962224349965
22163	0.17799904367522354	0.7845561671356216	0.03744478918915479
22164	0.11411931164863567	0.8248951460719758	0.06098554227938834
22165	0.0445083786614747	0.43499417303273397	0.5204974483057914
22166	0.13190978624350222	0.8346240917201239	0.033466122036373815
22167	0.17895779759838176	0.7717129069880031	0.04932929541361523
22168	0.17895779759838176	0.7717129069880031	0.04932929541361523
22169	0.15954997131062001	0.787292525759795	0.05315750292958479
22170	0.7920491814996143	0.07882106452690435	0.12912975397348134
22171	0.03431678810544187	0.22087147093273732	0.7448117409618209
22172	0.15954997131062001	0.787292525759795	0.05315750292958479
22173	0.17895779759838176	0.7717129069880031	0.04932929541361523
22174	0.15954997131062001	0.787292525759795	0.05315750292958479
22175	0.3256342768536233	0.618105766418104	0.05625995672827269
22176	0.033398923264937846	0.3973150243747115	0.5692860523603507
22177	0.15954997131062001	0.787292525759795	0.05315750292958479
22178	0.11502798648263841	0.8511832442915916	0.03378876922577
22179	0.17895779759838176	0.7717129069880031	0.04932929541361523
22180	0.13450389205373492	0.7983963838530986	0.06709972409316654
22181	0.07916096143195986	0.7854146907549306	0.13542434781310966
22182	0.7796919064070214	0.17014979896479346	0.05015829462818479
22183	0.17895779759838176	0.7717129069880031	0.04932929541361523
22184	0.17895779759838176	0.7717129069880031	0.04932929541361523
22185	0.16469191434809108	0.7886089765962044	0.046699109055704825
22186	0.05162212433170911	0.43422361460537673	0.5141542610629138
22187	0.17895779759838176	0.7717129069880031	0.04932929541361523
22188	0.15954997131062001	0.787292525759795	0.05315750292958479
22189	0.11024327400963603	0.12445239785823384	0.7653043281321303
22190	0.16706184790006046	0.7901659003649386	0.04277225173500087
22191	0.17895779759838176	0.7717129069880031	0.04932929541361523
22192	0.15954997131062001	0.787292525759795	0.05315750292958479
22193	0.09626082405347941	0.7835671496151693	0.1201720263313513
22194	0.7605422049604906	0.1345751817103498	0.10488261332915945
22195	0.11739771570856322	0.7024273562579201	0.18017492803351676
22196	0.11739771570856322	0.7024273562579201	0.18017492803351676
22197	0.13365838203331332	0.26921100953596566	0.5971306084307207
22198	0.23118827898552072	0.2473206387820844	0.5214910822323952
22199	0.3982277731997738	0.2609121288589231	0.34086009794130284
22200	0.14442327181948705	0.7530064347294152	0.10257029345109764
22201	0.14442327181948705	0.7530064347294152	0.10257029345109764
22202	0.4781046510590884	0.2438902618976466	0.2780050870432654
22203	0.030153004009700016	0.13921338808444425	0.8306336079058557
22204	0.05127859606722798	0.30874823552077885	0.639973168411993
22205	0.15970762043134948	0.7992194712309446	0.04107290833770604
22206	0.24122599508865153	0.5887509914023756	0.17002301350897273
22207	0.152289806850026	0.44438670578904355	0.40332348736093043
22208	0.17895779759838176	0.7717129069880031	0.04932929541361523
22209	0.05479837355174395	0.288593428822918	0.6566081976253381
22210	0.33012348263625796	0.17751569014769944	0.4923608272160425
22211	0.25798962564476063	0.1775774545974015	0.5644329197578378
22212	0.18085999649230286	0.7579556651512269	0.061184338356470414
22213	0.17895779759838176	0.7717129069880031	0.04932929541361523
22214	0.4941008714955092	0.4560172714448289	0.049881857059662076
22215	0.1923565150851357	0.7608664138580333	0.046777071056830974
22216	0.1923565150851357	0.7608664138580333	0.046777071056830974
22217	0.0006013886648675892	0.01266972163888597	0.9867288896962465
22218	0.028324773188462576	0.21734652149437422	0.7543287053171631
22219	0.19953740642739287	0.7456692236506509	0.054793369921956034
22220	0.22292402051731	0.11013562715134498	0.6669403523313447
22221	0.15954997131062001	0.787292525759795	0.05315750292958479
22222	0.17895779759838176	0.7717129069880031	0.04932929541361523
22223	0.15954997131062001	0.787292525759795	0.05315750292958479
22224	0.0996037218003532	0.7906764071671758	0.10971987103247115
22225	0.11686790117965086	0.7747415551716699	0.10839054364867952
22226	0.17895779759838176	0.7717129069880031	0.04932929541361523
22227	0.04098271770372723	0.28634808139700896	0.6726692008992637
22228	0.32083224199009985	0.15882801593085838	0.5203397420790419
22229	0.30579459485468136	0.1835030038484279	0.5107024012968907
22230	0.4941008714955092	0.4560172714448289	0.049881857059662076
22231	0.1532517836303513	0.1403905091211233	0.7063577072485253
22232	0.17895779759838176	0.7717129069880031	0.04932929541361523
22233	0.17895779759838176	0.7717129069880031	0.04932929541361523
22234	0.17895779759838176	0.7717129069880031	0.04932929541361523
22235	0.7656117377177872	0.10638097739550087	0.12800728488671168
22236	0.5531446141195822	0.39597002810658244	0.0508853577738357
22237	0.7361470723218198	0.19900740287398658	0.06484552480419391
22238	0.16214914839125386	0.7875298406669933	0.05032101094175304
22239	0.66071355178026	0.20444283046155312	0.13484361775818687
22240	0.04249893044869524	0.22366402444984138	0.7338370451014633
22241	0.028324773188462576	0.21734652149437422	0.7543287053171631
22242	0.7605422049604906	0.1345751817103498	0.10488261332915945
22243	0.03431678810544187	0.22087147093273732	0.7448117409618209
22244	0.2199181134773698	0.72984492429828	0.050236962224349965
22245	0.2199181134773698	0.72984492429828	0.050236962224349965
22246	0.15274958720043794	0.798157470133205	0.04909294266635707
22247	0.15274958720043794	0.798157470133205	0.04909294266635707
22248	0.7000668130299614	0.2523618325219111	0.047571354448127726
22249	0.03765574405672122	0.13915841976829604	0.8231858361749823
22250	0.5582537763621841	0.358996167423009	0.08275005621480658
22251	0.15954997131062001	0.787292525759795	0.05315750292958479
